newname lastname
0 928
1 762
2 1832
3 2647
4 2800
5 3437
6 3658
7 3968
8 4609
9 5196
10 231
11 491
12 1290
13 1396
14 2997
15 3755
16 4435
17 4762
18 4885
19 4943
20 417
21 605
22 896
23 1283
24 1438
25 1441
26 2982
27 3093
28 3432
29 4083
30 4257
31 1325
32 3086
33 4160
34 114
35 227
36 671
37 2049
38 3351
39 902
40 200
41 303
42 499
43 706
44 954
45 1029
46 1308
47 1501
48 2803
49 2916
50 3021
51 3061
52 3063
53 3075
54 3477
55 3480
56 3675
57 3794
58 3963
59 4674
60 4826
61 4936
62 4937
63 4960
64 55
65 115
66 1375
67 1643
68 1833
69 1834
70 1874
71 1921
72 1959
73 3309
74 3346
75 3946
76 3964
77 4969
78 226
79 234
80 3188
81 1525
82 1725
83 1779
84 2105
85 2902
86 3123
87 3744
88 4442
89 1021
90 2076
91 2289
92 2332
93 2755
94 346
95 938
96 1198
97 1594
98 2631
99 3348
100 4433
101 4713
102 247
103 2871
104 3599
105 4946
106 727
107 1471
108 3698
109 49
110 514
111 1013
112 1409
113 2409
114 542
115 609
116 628
117 726
118 937
119 1192
120 1575
121 2729
122 2738
123 2954
124 3151
125 3637
126 3899
127 3915
128 4068
129 4892
130 304
131 749
132 1380
133 1506
134 2714
135 3655
136 4624
137 4779
138 4884
139 241
140 908
141 2214
142 2833
143 3008
144 3267
145 3342
146 3560
147 4211
148 4977
149 1292
150 1573
151 2883
152 2884
153 4100
154 2932
155 790
156 3258
157 4719
158 179
159 343
160 457
161 679
162 924
163 1089
164 1199
165 1258
166 1306
167 1856
168 2046
169 2117
170 2920
171 3274
172 3641
173 3701
174 3873
175 4131
176 4163
177 4920
178 4950
179 5004
180 5047
181 5066
182 4206
183 4218
184 84
185 133
186 155
187 408
188 1327
189 1387
190 2108
191 2331
192 2465
193 3494
194 3771
195 4019
196 4184
197 4393
198 4496
199 4517
200 562
201 835
202 1366
203 2021
204 2060
205 2173
206 2821
207 3170
208 3406
209 3982
210 4374
211 4595
212 955
213 3632
214 3869
215 5085
216 2731
217 292
218 607
219 3071
220 3078
221 3913
222 4187
223 4445
224 4676
225 5239
226 22
227 394
228 474
229 519
230 521
231 977
232 1060
233 1298
234 1331
235 1475
236 1502
237 1555
238 1782
239 1951
240 1983
241 2059
242 2493
243 2539
244 2862
245 2905
246 2955
247 2956
248 3007
249 3097
250 3255
251 3523
252 3636
253 3900
254 3960
255 4015
256 4154
257 4157
258 4158
259 4332
260 4530
261 4771
262 1260
263 1552
264 1572
265 2143
266 2598
267 3032
268 3105
269 4791
270 4928
271 134
272 910
273 1636
274 327
275 618
276 2115
277 2341
278 4707
279 696
280 1319
281 2019
282 2481
283 3497
284 4159
285 83
286 1220
287 1751
288 2722
289 2908
290 4508
291 4545
292 812
293 2562
294 3391
295 1979
296 5
297 279
298 803
299 1207
300 1661
301 2336
302 2468
303 2582
304 2602
305 2603
306 2711
307 2910
308 3335
309 3424
310 4046
311 4522
312 4987
313 477
314 599
315 699
316 1476
317 2436
318 2515
319 2601
320 3893
321 4776
322 4902
323 2992
324 3635
325 4283
326 4671
327 161
328 3277
329 3625
330 1363
331 3411
332 3630
333 2140
334 2376
335 3388
336 11
337 338
338 554
339 1088
340 1498
341 2618
342 3405
343 3759
344 4456
345 4769
346 3544
347 276
348 484
349 1280
350 1276
351 3617
352 4921
353 1189
354 1227
355 1624
356 1827
357 1844
358 2127
359 3076
360 3177
361 3568
362 4453
363 4940
364 42
365 74
366 655
367 1275
368 1304
369 1346
370 1404
371 3084
372 3390
373 285
374 827
375 1009
376 1230
377 1514
378 1534
379 1537
380 1971
381 2066
382 2495
383 2528
384 2573
385 2737
386 2859
387 2888
388 2964
389 2975
390 3251
391 3549
392 3890
393 4055
394 4060
395 4127
396 4352
397 4452
398 4525
399 4651
400 4702
401 4763
402 4820
403 5077
404 5221
405 2324
406 3140
407 3496
408 2807
409 130
410 405
411 738
412 1001
413 1101
414 1109
415 1854
416 1993
417 2617
418 3272
419 3450
420 3957
421 4391
422 4745
423 4756
424 5027
425 2442
426 2563
427 4209
428 1495
429 2793
430 3660
431 4113
432 4888
433 4748
434 35
435 339
436 564
437 963
438 1684
439 1865
440 1869
441 2402
442 2419
443 2529
444 2666
445 2683
446 2845
447 3077
448 3253
449 3605
450 3751
451 4018
452 4422
453 4839
454 71
455 723
456 1073
457 2287
458 4185
459 287
460 497
461 750
462 1838
463 2762
464 596
465 761
466 843
467 1974
468 2677
469 2721
470 3037
471 3402
472 4282
473 5002
474 4855
475 137
476 1305
477 2101
478 2354
479 3708
480 3727
481 4080
482 4682
483 5072
484 190
485 640
486 2707
487 3270
488 4489
489 4652
490 4696
491 4746
492 5076
493 1176
494 3992
495 318
496 994
497 1408
498 1563
499 1603
500 2053
501 2583
502 3718
503 4119
504 4212
505 4244
506 4504
507 4661
508 4664
509 4683
510 4823
511 3693
512 4493
513 255
514 275
515 337
516 531
517 557
518 964
519 1168
520 1984
521 3287
522 4911
523 5181
524 1040
525 1620
526 1730
527 2047
528 4938
529 391
530 1968
531 4364
532 2361
533 2891
534 4086
535 5069
536 132
537 139
538 637
539 857
540 1429
541 2023
542 3843
543 3864
544 3880
545 4161
546 4714
547 244
548 454
549 548
550 865
551 974
552 975
553 983
554 1075
555 1170
556 1569
557 1964
558 2195
559 2629
560 2709
561 2863
562 2969
563 3647
564 3661
565 3724
566 3758
567 3796
568 3859
569 4140
570 5029
571 1267
572 1746
573 3908
574 4827
575 307
576 374
577 458
578 508
579 837
580 939
581 1193
582 1740
583 1895
584 2640
585 2836
586 3218
587 3386
588 3559
589 4344
590 4629
591 4859
592 4958
593 5057
594 378
595 1494
596 3081
597 2242
598 2567
599 3537
600 3690
601 4166
602 4313
603 4375
604 4553
605 4594
606 4712
607 4991
608 2469
609 59
610 3491
611 5048
612 429
613 2385
614 2620
615 4215
616 4801
617 4933
618 600
619 676
620 2491
621 4233
622 920
623 1428
624 1582
625 2084
626 2408
627 2648
628 3413
629 3752
630 4475
631 427
632 1352
633 1369
634 2211
635 2578
636 2809
637 3426
638 4580
639 4695
640 361
641 399
642 518
643 1024
644 1704
645 3023
646 3707
647 93
648 558
649 1120
650 1162
651 1619
652 1986
653 2069
654 2626
655 2828
656 2867
657 3017
658 3028
659 3145
660 3892
661 4342
662 4614
663 1939
664 2343
665 3344
666 3361
667 5149
668 9
669 10
670 123
671 147
672 237
673 316
674 407
675 445
676 598
677 682
678 777
679 845
680 932
681 934
682 949
683 1201
684 1270
685 1400
686 1527
687 1585
688 1605
689 1813
690 1922
691 2207
692 2225
693 2227
694 2277
695 2489
696 2553
697 2565
698 2820
699 2822
700 2901
701 3018
702 3044
703 3238
704 3268
705 3306
706 3501
707 3746
708 3778
709 4023
710 4029
711 4058
712 4153
713 4167
714 4188
715 4324
716 4408
717 4601
718 4681
719 4700
720 4981
721 5056
722 5148
723 5237
724 5046
725 178
726 291
727 1395
728 1473
729 1478
730 1672
731 1724
732 2586
733 2673
734 2813
735 3269
736 3347
737 4117
738 194
739 334
740 418
741 720
742 775
743 894
744 1113
745 1345
746 1497
747 1571
748 1907
749 2090
750 2267
751 2556
752 3623
753 3867
754 3907
755 4192
756 4413
757 4479
758 4542
759 4570
760 4735
761 464
762 622
763 1247
764 1610
765 1634
766 2300
767 2357
768 2986
769 3124
770 3328
771 3492
772 449
773 4605
774 1110
775 1393
776 2379
777 2552
778 3508
779 3950
780 3953
781 2314
782 760
783 916
784 1748
785 2372
786 2830
787 2853
788 4251
789 4895
790 5073
791 5173
792 269
793 1398
794 1744
795 3260
796 4274
797 202
798 203
799 331
800 2942
801 3627
802 4600
803 4345
804 3651
805 2971
806 4645
807 2
808 27
809 2229
810 3895
811 3986
812 125
813 733
814 861
815 1521
816 2261
817 4711
818 12
819 90
820 488
821 3984
822 350
823 3837
824 494
825 895
826 1893
827 2846
828 3686
829 3764
830 3834
831 4269
832 57
833 627
834 2116
835 4112
836 4356
837 2146
838 211
839 321
840 1261
841 2766
842 2848
843 3005
844 3671
845 3935
846 4912
847 277
848 529
849 2234
850 3702
851 3827
852 213
853 611
854 1057
855 2811
856 3657
857 3678
858 3967
859 4108
860 4532
861 1036
862 1167
863 3043
864 5067
865 212
866 295
867 2175
868 2222
869 2243
870 2705
871 3125
872 3528
873 4141
874 4736
875 270
876 341
877 2054
878 2896
879 72
880 2887
881 3095
882 3096
883 4834
884 4900
885 2726
886 3056
887 4738
888 5105
889 5142
890 780
891 936
892 1090
893 1194
894 2092
895 4383
896 4934
897 120
898 433
899 694
900 711
901 2004
902 2772
903 2804
904 2847
905 3916
906 4002
907 4223
908 4346
909 4772
910 3829
911 5080
912 2017
913 4945
914 4381
915 668
916 737
917 1955
918 2198
919 3447
920 4296
921 4498
922 4886
923 684
924 2158
925 1633
926 982
927 1046
928 1053
929 1962
930 3444
931 5224
932 3506
933 1228
934 3722
935 844
936 1980
937 2467
938 3303
939 3463
940 1665
941 2741
942 3519
943 4322
944 4380
945 4481
946 4844
947 945
948 1416
949 1482
950 1664
951 2523
952 2756
953 2973
954 4172
955 4205
956 124
957 432
958 716
959 881
960 907
961 1015
962 1312
963 1489
964 1567
965 1819
966 3293
967 3914
968 3961
969 4677
970 4832
971 965
972 3925
973 3983
974 81
975 306
976 372
977 523
978 944
979 1166
980 1241
981 1839
982 2814
983 3456
984 3485
985 3587
986 4293
987 4577
988 4992
989 367
990 401
991 3264
992 3970
993 4657
994 805
995 1472
996 1500
997 3201
998 576
999 1912
1000 1929
1001 3020
1002 1052
1003 1149
1004 1718
1005 2693
1006 725
1007 3685
1008 4883
1009 3763
1010 173
1011 511
1012 3389
1013 1679
1014 2445
1015 2450
1016 4708
1017 976
1018 3842
1019 2875
1020 4156
1021 4465
1022 177
1023 534
1024 992
1025 1122
1026 1846
1027 2123
1028 2238
1029 2279
1030 2520
1031 2791
1032 3181
1033 3988
1034 4298
1035 4368
1036 4492
1037 4568
1038 4579
1039 4675
1040 466
1041 3323
1042 1348
1043 1538
1044 2611
1045 4780
1046 5081
1047 3014
1048 3429
1049 3974
1050 4097
1051 4175
1052 67
1053 969
1054 1206
1055 2119
1056 2255
1057 2591
1058 2616
1059 2733
1060 2740
1061 2968
1062 4221
1063 4329
1064 4754
1065 5179
1066 5205
1067 5211
1068 5219
1069 1141
1070 1600
1071 2186
1072 3507
1073 4807
1074 2268
1075 3039
1076 3094
1077 3769
1078 4843
1079 1314
1080 1433
1081 1666
1082 2137
1083 2228
1084 2322
1085 2619
1086 2995
1087 3756
1088 3760
1089 4323
1090 4785
1091 1300
1092 1121
1093 4743
1094 193
1095 778
1096 1234
1097 56
1098 2472
1099 2676
1100 3066
1101 3220
1102 4362
1103 4528
1104 54
1105 2702
1106 3648
1107 570
1108 1435
1109 1908
1110 2032
1111 3503
1112 794
1113 2577
1114 2623
1115 102
1116 220
1117 259
1118 310
1119 311
1120 589
1121 877
1122 892
1123 925
1124 1079
1125 1268
1126 1456
1127 1609
1128 1987
1129 2564
1130 2802
1131 3083
1132 3567
1133 3640
1134 3896
1135 4280
1136 4464
1137 4476
1138 4731
1139 1738
1140 3031
1141 3618
1142 5218
1143 586
1144 774
1145 1900
1146 2504
1147 2568
1148 2929
1149 4441
1150 4526
1151 707
1152 889
1153 1164
1154 1601
1155 2778
1156 3174
1157 4561
1158 371
1159 901
1160 129
1161 1018
1162 1098
1163 1203
1164 1750
1165 1902
1166 2915
1167 3134
1168 3830
1169 2574
1170 3532
1171 358
1172 379
1173 971
1174 1360
1175 1397
1176 1877
1177 2165
1178 2488
1179 3122
1180 3155
1181 3810
1182 4531
1183 2763
1184 3085
1185 248
1186 262
1187 732
1188 990
1189 2912
1190 3225
1191 3227
1192 3230
1193 3276
1194 4584
1195 1328
1196 1586
1197 2895
1198 3816
1199 2044
1200 82
1201 517
1202 4410
1203 4957
1204 813
1205 1386
1206 3138
1207 4038
1208 814
1209 4194
1210 4778
1211 866
1212 1008
1213 1169
1214 1202
1215 1368
1216 1872
1217 2318
1218 3173
1219 3445
1220 3520
1221 3753
1222 4063
1223 4099
1224 4549
1225 5005
1226 5074
1227 2455
1228 5233
1229 257
1230 328
1231 915
1232 1553
1233 1638
1234 2365
1235 2706
1236 3154
1237 3210
1238 3316
1239 3535
1240 3849
1241 4247
1242 4382
1243 4701
1244 4803
1245 5106
1246 4973
1247 547
1248 1378
1249 2933
1250 3593
1251 4876
1252 435
1253 2073
1254 434
1255 1059
1256 1229
1257 2614
1258 3135
1259 3665
1260 3750
1261 3943
1262 4229
1263 4831
1264 961
1265 1372
1266 2561
1267 3030
1268 3487
1269 3787
1270 4970
1271 800
1272 825
1273 1689
1274 1786
1275 1816
1276 1831
1277 2018
1278 2600
1279 2634
1280 2924
1281 3148
1282 3257
1283 3789
1284 3878
1285 4032
1286 4499
1287 4686
1288 1727
1289 4529
1290 145
1291 3958
1292 4581
1293 2061
1294 52
1295 2153
1296 3850
1297 4085
1298 4460
1299 261
1300 1523
1301 1775
1302 1883
1303 3025
1304 3202
1305 4049
1306 4304
1307 4321
1308 4610
1309 4814
1310 5109
1311 5111
1312 500
1313 687
1314 1307
1315 1784
1316 2610
1317 3976
1318 4642
1319 426
1320 3080
1321 3865
1322 3977
1323 4599
1324 4258
1325 686
1326 1186
1327 4836
1328 414
1329 796
1330 1848
1331 2526
1332 3231
1333 3469
1334 3749
1335 4248
1336 4927
1337 2020
1338 2972
1339 2304
1340 3367
1341 1616
1342 1947
1343 2420
1344 3069
1345 3994
1346 4138
1347 4533
1348 4744
1349 4865
1350 364
1351 715
1352 2856
1353 2938
1354 329
1355 366
1356 645
1357 705
1358 1105
1359 2000
1360 2067
1361 2281
1362 3555
1363 4560
1364 4851
1365 3185
1366 3853
1367 4182
1368 5036
1369 284
1370 4048
1371 4105
1372 4363
1373 280
1374 502
1375 2716
1376 3010
1377 3186
1378 3471
1379 3936
1380 4016
1381 4361
1382 4662
1383 4988
1384 2524
1385 608
1386 709
1387 5097
1388 222
1389 1118
1390 2670
1391 1442
1392 1866
1393 3339
1394 3441
1395 3533
1396 3581
1397 503
1398 654
1399 3111
1400 4418
1401 4956
1402 31
1403 1224
1404 1337
1405 1374
1406 1422
1407 2295
1408 3109
1409 3319
1410 3489
1411 4077
1412 4463
1413 4589
1414 3965
1415 1719
1416 3910
1417 88
1418 326
1419 672
1420 2612
1421 3393
1422 4139
1423 4543
1424 4734
1425 314
1426 393
1427 1509
1428 1793
1429 2554
1430 2695
1431 2976
1432 2990
1433 5007
1434 5174
1435 4837
1436 578
1437 651
1438 664
1439 782
1440 899
1441 2851
1442 3114
1443 3610
1444 4043
1445 4392
1446 4864
1447 5183
1448 228
1449 1200
1450 1622
1451 1733
1452 1925
1453 2179
1454 2285
1455 2299
1456 3776
1457 3784
1458 3813
1459 3882
1460 4024
1461 4245
1462 4722
1463 180
1464 450
1465 690
1466 1049
1467 3732
1468 2512
1469 2774
1470 882
1471 1948
1472 2939
1473 4414
1474 5215
1475 527
1476 2178
1477 2499
1478 2606
1479 3738
1480 1499
1481 191
1482 246
1483 357
1484 621
1485 697
1486 917
1487 1178
1488 1237
1489 1417
1490 1963
1491 2007
1492 2478
1493 2653
1494 2913
1495 3308
1496 3534
1497 3545
1498 3631
1499 3877
1500 4059
1501 4170
1502 4639
1503 4804
1504 4835
1505 4998
1506 5141
1507 5177
1508 5180
1509 1717
1510 3582
1511 1150
1512 2860
1513 3455
1514 4335
1515 4873
1516 5023
1517 5102
1518 5103
1519 544
1520 4797
1521 940
1522 919
1523 1020
1524 3962
1525 2139
1526 3211
1527 4474
1528 44
1529 122
1530 351
1531 389
1532 1222
1533 1699
1534 1849
1535 3603
1536 3773
1537 4047
1538 4520
1539 4768
1540 4962
1541 5028
1542 278
1543 513
1544 972
1545 1418
1546 1432
1547 1507
1548 1694
1549 2387
1550 2487
1551 2639
1552 2671
1553 2790
1554 3261
1555 3457
1556 3590
1557 3866
1558 4416
1559 4690
1560 4830
1561 1240
1562 1156
1563 1157
1564 1326
1565 1508
1566 1862
1567 1934
1568 1990
1569 1991
1570 2027
1571 2334
1572 2879
1573 3493
1574 3689
1575 3836
1576 4031
1577 4511
1578 4582
1579 4753
1580 5019
1581 5053
1582 941
1583 2181
1584 2841
1585 98
1586 235
1587 356
1588 689
1589 2543
1590 5240
1591 1559
1592 2635
1593 1087
1594 113
1595 691
1596 2977
1597 3566
1598 710
1599 1332
1600 3409
1601 5015
1602 582
1603 822
1604 3392
1605 4419
1606 592
1607 930
1608 3435
1609 4774
1610 1976
1611 2302
1612 4191
1613 1254
1614 1423
1615 185
1616 787
1617 980
1618 3387
1619 3734
1620 3863
1621 465
1622 1338
1623 223
1624 2898
1625 1919
1626 5018
1627 8
1628 3279
1629 704
1630 3070
1631 1470
1632 1949
1633 4773
1634 1066
1635 1440
1636 2089
1637 2566
1638 3187
1639 3193
1640 4385
1641 4975
1642 1017
1643 2157
1644 3799
1645 846
1646 1630
1647 1890
1648 2823
1649 2914
1650 3513
1651 3697
1652 585
1653 1539
1654 1961
1655 2397
1656 3436
1657 143
1658 3563
1659 658
1660 2452
1661 3129
1662 3338
1663 4387
1664 4412
1665 505
1666 784
1667 3723
1668 492
1669 352
1670 906
1671 1439
1672 2788
1673 2806
1674 4861
1675 1792
1676 3203
1677 4264
1678 2926
1679 3542
1680 4275
1681 4704
1682 2505
1683 3857
1684 204
1685 1737
1686 1996
1687 2364
1688 2441
1689 439
1690 2889
1691 3781
1692 612
1693 1389
1694 1492
1695 3956
1696 4455
1697 4574
1698 187
1699 365
1700 4072
1701 1459
1702 2335
1703 2689
1704 3299
1705 216
1706 240
1707 1138
1708 2544
1709 3353
1710 3904
1711 50
1712 823
1713 1891
1714 1997
1715 2013
1716 2150
1717 2240
1718 2421
1719 2519
1720 4062
1721 4644
1722 4880
1723 453
1724 670
1725 1231
1726 1253
1727 1353
1728 1568
1729 1764
1730 1966
1731 2241
1732 2356
1733 2415
1734 2750
1735 3676
1736 4020
1737 4028
1738 4407
1739 5099
1740 4534
1741 4593
1742 1565
1743 1583
1744 1799
1745 2403
1746 2829
1747 2970
1748 2993
1749 4540
1750 1697
1751 3240
1752 712
1753 3620
1754 636
1755 1801
1756 2826
1757 3621
1758 4698
1759 242
1760 1726
1761 1824
1762 3198
1763 3852
1764 4606
1765 5143
1766 395
1767 602
1768 816
1769 832
1770 1043
1771 1901
1772 2580
1773 2594
1774 2599
1775 2638
1776 3858
1777 4563
1778 4621
1779 4733
1780 4752
1781 5094
1782 5155
1783 666
1784 1898
1785 5043
1786 359
1787 495
1788 1745
1789 3243
1790 3699
1791 4694
1792 4964
1793 5038
1794 3289
1795 2801
1796 489
1797 3629
1798 4509
1799 1880
1800 4181
1801 5032
1802 5062
1803 5070
1804 574
1805 1894
1806 2448
1807 2513
1808 2622
1809 2627
1810 4436
1811 2028
1812 2329
1813 3034
1814 3379
1815 4350
1816 4398
1817 4914
1818 820
1819 1082
1820 186
1821 1163
1822 2109
1823 3427
1824 4527
1825 4812
1826 4230
1827 551
1828 1626
1829 1660
1830 2223
1831 2256
1832 2584
1833 2892
1834 3601
1835 4965
1836 5061
1837 1490
1838 1646
1839 4078
1840 4299
1841 3318
1842 169
1843 525
1844 3785
1845 40
1846 2172
1847 3016
1848 5184
1849 1457
1850 2549
1851 2527
1852 1768
1853 2589
1854 3780
1855 2303
1856 4980
1857 2022
1858 2736
1859 206
1860 1975
1861 5225
1862 4649
1863 1820
1864 1926
1865 3385
1866 3742
1867 905
1868 575
1869 771
1870 5026
1871 1014
1872 1144
1873 4238
1874 4725
1875 661
1876 2878
1877 5052
1878 281
1879 588
1880 806
1881 1468
1882 1802
1883 4798
1884 5049
1885 138
1886 1205
1887 2585
1888 266
1889 989
1890 1911
1891 3026
1892 3462
1893 3972
1894 4420
1895 4963
1896 4983
1897 1431
1898 2521
1899 2798
1900 5234
1901 2213
1902 142
1903 2462
1904 3553
1905 4261
1906 183
1907 3720
1908 3772
1909 4979
1910 77
1911 473
1912 1286
1913 1371
1914 2278
1915 2405
1916 3142
1917 3381
1918 3552
1919 1208
1920 2501
1921 3146
1922 4095
1923 1579
1924 3978
1925 695
1926 1485
1927 3284
1928 3285
1929 3304
1930 3356
1931 3439
1932 3679
1933 3825
1934 4041
1935 4425
1936 4710
1937 4923
1938 1873
1939 4536
1940 4954
1941 5060
1942 43
1943 229
1944 2652
1945 3646
1946 4179
1947 4551
1948 5185
1949 2166
1950 4217
1951 4598
1952 978
1953 1675
1954 1761
1955 2412
1956 2538
1957 3682
1958 3736
1959 3737
1960 5226
1961 1213
1962 1335
1963 1414
1964 1517
1965 1904
1966 2039
1967 2163
1968 3466
1969 4653
1970 46
1971 58
1972 87
1973 214
1974 363
1975 785
1976 933
1977 1415
1978 1673
1979 2824
1980 3512
1981 3596
1982 3608
1983 3735
1984 3792
1985 3939
1986 4583
1987 340
1988 3295
1989 4838
1990 476
1991 493
1992 1425
1993 1562
1994 1652
1995 1754
1996 2795
1997 3479
1998 4630
1999 5191
2000 89
2001 4685
2002 4984
2003 4510
2004 2282
2005 2367
2006 2424
2007 2425
2008 3717
2009 4870
2010 4997
2011 2687
2012 3262
2013 1564
2014 2410
2015 381
2016 909
2017 1486
2018 1881
2019 2873
2020 3087
2021 4011
2022 3951
2023 3814
2024 4222
2025 3305
2026 1604
2027 3540
2028 3854
2029 4548
2030 4989
2031 4915
2032 583
2033 486
2034 739
2035 2654
2036 1278
2037 2780
2038 4189
2039 1858
2040 2301
2041 633
2042 3846
2043 4406
2044 2454
2045 3098
2046 3650
2047 5030
2048 541
2049 811
2050 2366
2051 3841
2052 4557
2053 4750
2054 4806
2055 4993
2056 731
2057 926
2058 2209
2059 2641
2060 4468
2061 1454
2062 3214
2063 4887
2064 561
2065 4180
2066 45
2067 1645
2068 3743
2069 4376
2070 4942
2071 1106
2072 3103
2073 411
2074 1038
2075 1518
2076 2190
2077 2433
2078 2746
2079 3521
2080 3822
2081 4122
2082 614
2083 1377
2084 4562
2085 3250
2086 4439
2087 5195
2088 1074
2089 1126
2090 2110
2091 2843
2092 5194
2093 400
2094 591
2095 1243
2096 1625
2097 4162
2098 3548
2099 4143
2100 1479
2101 1613
2102 2852
2103 249
2104 2827
2105 360
2106 943
2107 1071
2108 2154
2109 4799
2110 4893
2111 573
2112 648
2113 1264
2114 1362
2115 3639
2116 3826
2117 3912
2118 4924
2119 4925
2120 3747
2121 370
2122 736
2123 1143
2124 3091
2125 3107
2126 1931
2127 1998
2128 2254
2129 2312
2130 2323
2131 2378
2132 2418
2133 2444
2134 2751
2135 3116
2136 3158
2137 3216
2138 3369
2139 4069
2140 4426
2141 4457
2142 4458
2143 4550
2144 4586
2145 4622
2146 4643
2147 4732
2148 4792
2149 5104
2150 2948
2151 3051
2152 3352
2153 2010
2154 2327
2155 483
2156 1297
2157 3448
2158 3600
2159 4955
2160 2730
2161 293
2162 5071
2163 834
2164 3209
2165 440
2166 1154
2167 1181
2168 1209
2169 1318
2170 1595
2171 2457
2172 2921
2173 3337
2174 3400
2175 3879
2176 4207
2177 4278
2178 4592
2179 5241
2180 1244
2181 3178
2182 4518
2183 4672
2184 33
2185 2045
2186 2771
2187 2967
2188 3006
2189 4091
2190 3422
2191 4044
2192 5042
2193 76
2194 463
2195 2099
2196 2769
2197 2218
2198 4990
2199 1505
2200 970
2201 2197
2202 3806
2203 1051
2204 1906
2205 2906
2206 2984
2207 3207
2208 3921
2209 4626
2210 4879
2211 4483
2212 1004
2213 1674
2214 1252
2215 1491
2216 2507
2217 2923
2218 2978
2219 683
2220 912
2221 1103
2222 1296
2223 1530
2224 3046
2225 3495
2226 4121
2227 4953
2228 232
2229 849
2230 1238
2231 3233
2232 3300
2233 4276
2234 4482
2235 858
2236 538
2237 1918
2238 4035
2239 1092
2240 1407
2241 2503
2242 3067
2243 4297
2244 4641
2245 4578
2246 1857
2247 3102
2248 4505
2249 2446
2250 3349
2251 28
2252 4061
2253 5021
2254 1642
2255 888
2256 3408
2257 3790
2258 297
2259 1217
2260 4227
2261 217
2262 685
2263 745
2264 2205
2265 2461
2266 2484
2267 2718
2268 2781
2269 3045
2270 3324
2271 3589
2272 3768
2273 4092
2274 4423
2275 5116
2276 283
2277 409
2278 4246
2279 4477
2280 1403
2281 2651
2282 3195
2283 3516
2284 2428
2285 221
2286 3539
2287 1131
2288 1003
2289 3973
2290 4669
2291 729
2292 764
2293 2850
2294 3130
2295 3334
2296 4173
2297 788
2298 1794
2299 2160
2300 2747
2301 3248
2302 4285
2303 5092
2304 1146
2305 1195
2306 2963
2307 5228
2308 3415
2309 13
2310 795
2311 973
2312 3333
2313 1054
2314 3594
2315 4904
2316 4898
2317 2161
2318 2206
2319 2373
2320 2909
2321 3715
2322 946
2323 2545
2324 4231
2325 5012
2326 4000
2327 1818
2328 3283
2329 3694
2330 1248
2331 1648
2332 1686
2333 1916
2334 2401
2335 3831
2336 4319
2337 2103
2338 3692
2339 245
2340 2389
2341 2838
2342 1829
2343 4263
2344 5045
2345 2463
2346 3001
2347 3788
2348 2122
2349 4535
2350 2391
2351 3401
2352 1361
2353 4692
2354 4821
2355 2375
2356 404
2357 718
2358 1700
2359 2815
2360 2985
2361 4842
2362 4894
2363 1419
2364 2742
2365 3072
2366 2003
2367 4726
2368 4004
2369 1026
2370 4039
2371 2625
2372 2613
2373 1952
2374 5120
2375 302
2376 4501
2377 3645
2378 260
2379 1383
2380 5164
2381 581
2382 1399
2383 5054
2384 3798
2385 3856
2386 3942
2387 1443
2388 2572
2389 3376
2390 3384
2391 3613
2392 1657
2393 1870
2394 2587
2395 160
2396 507
2397 1158
2398 333
2399 382
2400 590
2401 890
2402 1722
2403 3434
2404 3811
2405 4742
2406 5236
2407 225
2408 2128
2409 2546
2410 3684
2411 669
2412 1706
2413 2280
2414 4026
2415 100
2416 2171
2417 267
2418 501
2419 1668
2420 4668
2421 175
2422 294
2423 2754
2424 3399
2425 3824
2426 92
2427 665
2428 2072
2429 481
2430 4027
2431 3612
2432 852
2433 1853
2434 2980
2435 3321
2436 4926
2437 243
2438 4169
2439 593
2440 2866
2441 3343
2442 535
2443 165
2444 1710
2445 3133
2446 3136
2447 3394
2448 3894
2449 4822
2450 4916
2451 70
2452 467
2453 1282
2454 1662
2455 1682
2456 2339
2457 2350
2458 3805
2459 4096
2460 4309
2461 3141
2462 5231
2463 349
2464 397
2465 1840
2466 3576
2467 4434
2468 688
2469 3659
2470 3667
2471 1148
2472 3991
2473 111
2474 171
2475 289
2476 610
2477 613
2478 700
2479 1460
2480 2855
2481 3663
2482 29
2483 479
2484 1358
2485 1803
2486 4196
2487 383
2488 1618
2489 2174
2490 3065
2491 1584
2492 1828
2493 2834
2494 3828
2495 4648
2496 5035
2497 935
2498 2298
2499 2665
2500 3160
2501 413
2502 2151
2503 2739
2504 4033
2505 1598
2506 3586
2507 3588
2508 3714
2509 4575
2510 63
2511 673
2512 1953
2513 2152
2514 2832
2515 3092
2516 4470
2517 152
2518 2911
2519 4516
2520 4547
2521 168
2522 4071
2523 250
2524 4053
2525 4249
2526 4386
2527 2679
2528 3711
2529 5098
2530 148
2531 208
2532 4466
2533 487
2534 967
2535 1796
2536 2532
2537 3002
2538 3330
2539 3013
2540 3229
2541 4620
2542 61
2543 3726
2544 1747
2545 3551
2546 3602
2547 172
2548 1130
2549 1160
2550 2043
2551 2183
2552 3247
2553 4941
2554 4647
2555 1493
2556 1852
2557 2394
2558 3754
2559 4603
2560 5209
2561 369
2562 4333
2563 1688
2564 1447
2565 4254
2566 4265
2567 1758
2568 3223
2569 4134
2570 1055
2571 2624
2572 167
2573 256
2574 797
2575 4116
2576 5200
2577 3189
2578 3821
2579 3159
2580 4646
2581 441
2582 1731
2583 3157
2584 4259
2585 577
2586 1875
2587 376
2588 288
2589 3200
2590 3440
2591 4730
2592 2340
2593 3633
2594 708
2595 893
2596 199
2597 2486
2598 3844
2599 556
2600 1050
2601 1903
2602 2315
2603 3358
2604 3980
2605 4454
2606 1511
2607 1072
2608 4168
2609 1696
2610 3774
2611 4759
2612 455
2613 617
2614 1262
2615 1830
2616 1835
2617 2266
2618 2925
2619 3236
2620 4003
2621 4201
2622 4782
2623 4947
2624 878
2625 3546
2626 828
2627 1860
2628 2456
2629 3574
2630 4225
2631 5203
2632 952
2633 979
2634 4075
2635 4968
2636 19
2637 568
2638 1336
2639 1344
2640 3215
2641 2025
2642 4777
2643 2030
2644 1999
2645 4302
2646 5107
2647 2776
2648 4616
2649 1806
2650 3150
2651 3169
2652 3179
2653 3370
2654 4794
2655 2835
2656 4089
2657 786
2658 2496
2659 2748
2660 4243
2661 4446
2662 5025
2663 5178
2664 824
2665 2083
2666 335
2667 1180
2668 1257
2669 3691
2670 4546
2671 656
2672 734
2673 968
2674 984
2675 1030
2676 1313
2677 1420
2678 1629
2679 1670
2680 1695
2681 1739
2682 1800
2683 1836
2684 2272
2685 2690
2686 3196
2687 3575
2688 3928
2689 3989
2690 4421
2691 4494
2692 4995
2693 5051
2694 2368
2695 3156
2696 3484
2697 4176
2698 4596
2699 3055
2700 4009
2701 4178
2702 4403
2703 5059
2704 126
2705 1317
2706 403
2707 929
2708 4591
2709 3165
2710 2430
2711 3664
2712 108
2713 1385
2714 1767
2715 3855
2716 2111
2717 396
2718 719
2719 4110
2720 164
2721 659
2722 3302
2723 3583
2724 4036
2725 1667
2726 1941
2727 4311
2728 4331
2729 4006
2730 4721
2731 995
2732 1937
2733 2961
2734 3029
2735 3981
2736 1992
2737 2890
2738 2944
2739 956
2740 3558
2741 4366
2742 4444
2743 903
2744 1330
2745 1343
2746 1663
2747 2657
2748 2858
2749 4751
2750 801
2751 1284
2752 3541
2753 1430
2754 2079
2755 4402
2756 4573
2757 2458
2758 3985
2759 79
2760 3226
2761 4256
2762 2413
2763 3451
2764 644
2765 2533
2766 5197
2767 436
2768 4503
2769 2703
2770 4805
2771 1382
2772 5216
2773 1365
2774 3569
2775 4272
2776 4073
2777 65
2778 951
2779 1096
2780 103
2781 638
2782 769
2783 783
2784 1064
2785 1068
2786 1242
2787 1549
2788 1777
2789 1933
2790 2307
2791 2490
2792 2531
2793 2962
2794 3171
2795 3373
2796 3924
2797 4123
2798 4415
2799 4775
2800 2743
2801 2036
2802 62
2803 268
2804 663
2805 981
2806 3009
2807 4867
2808 886
2809 1658
2810 2451
2811 3407
2812 4235
2813 2667
2814 3767
2815 2734
2816 3786
2817 1954
2818 3571
2819 162
2820 781
2821 1405
2822 1641
2823 2981
2824 3425
2825 3677
2826 4394
2827 1732
2828 2745
2829 5137
2830 2291
2831 4357
2832 1007
2833 1056
2834 1760
2835 2381
2836 4390
2837 4917
2838 4978
2839 3428
2840 1044
2841 2749
2842 3565
2843 4373
2844 1218
2845 1576
2846 3113
2847 3359
2848 2187
2849 2808
2850 4450
2851 2182
2852 4054
2853 5058
2854 174
2855 735
2856 1946
2857 3797
2858 3891
2859 5055
2860 2212
2861 579
2862 1859
2863 4684
2864 2370
2865 1006
2866 1805
2867 4976
2868 271
2869 1958
2870 2038
2871 2674
2872 4294
2873 4607
2874 5017
2875 5119
2876 5193
2877 1878
2878 3117
2879 5112
2880 2330
2881 3817
2882 1100
2883 2217
2884 2608
2885 2698
2886 2897
2887 3839
2888 855
2889 1467
2890 1741
2891 1950
2892 2050
2893 2321
2894 2358
2895 3419
2896 3524
2897 567
2898 1179
2899 219
2900 619
2901 5175
2902 1333
2903 2351
2904 3695
2905 4811
2906 3329
2907 3884
2908 991
2909 3572
2910 2252
2911 3883
2912 4430
2913 5131
2914 1188
2915 838
2916 2249
2917 2250
2918 2251
2919 2541
2920 3184
2921 3871
2922 1116
2923 1855
2924 4132
2925 4971
2926 205
2927 754
2928 189
2929 354
2930 1023
2931 2694
2932 2744
2933 3325
2934 3955
2935 3561
2936 3696
2937 1311
2938 953
2939 4813
2940 17
2941 4890
2942 443
2943 594
2944 2062
2945 3395
2946 3782
2947 4340
2948 4881
2949 5176
2950 116
2951 425
2952 5083
2953 1005
2954 2246
2955 526
2956 1151
2957 4841
2958 942
2959 1477
2960 1913
2961 2048
2962 3793
2963 4829
2964 5230
2965 4853
2966 5232
2967 5138
2968 522
2969 3127
2970 5168
2971 3597
2972 4330
2973 1536
2974 1655
2975 3234
2976 3312
2977 4308
2978 3110
2979 3845
2980 3881
2981 5188
2982 2725
2983 4556
2984 3966
2985 4337
2986 4571
2987 461
2988 3762
2989 4929
2990 2440
2991 5087
2992 5157
2993 182
2994 1272
2995 3578
2996 4848
2997 69
2998 230
2999 312
3000 1637
3001 2005
3002 3996
3003 4130
3004 4360
3005 5129
3006 1812
3007 3525
3008 885
3009 1847
3010 1863
3011 2426
3012 3990
3013 1593
3014 3476
3015 3498
3016 566
3017 2191
3018 4057
3019 4636
3020 1445
3021 2443
3022 3052
3023 3368
3024 4315
3025 4587
3026 4727
3027 4816
3028 5110
3029 5214
3030 14
3031 2185
3032 2628
3033 3332
3034 4691
3035 170
3036 2400
3037 2675
3038 1355
3039 3740
3040 4767
3041 4845
3042 3642
3043 3860
3044 4427
3045 195
3046 2107
3047 779
3048 106
3049 2473
3050 3176
3051 3564
3052 4114
3053 2534
3054 3775
3055 872
3056 960
3057 1084
3058 1086
3059 1548
3060 3628
3061 4687
3062 3475
3063 829
3064 913
3065 1016
3066 2226
3067 2270
3068 3035
3069 3172
3070 3801
3071 4443
3072 4448
3073 4597
3074 4764
3075 2371
3076 4723
3077 3615
3078 1093
3079 1928
3080 4515
3081 1437
3082 1769
3083 3616
3084 1450
3085 18
3086 1791
3087 4631
3088 5125
3089 2130
3090 1123
3091 2727
3092 3205
3093 4334
3094 887
3095 1211
3096 2900
3097 4537
3098 1027
3099 4101
3100 957
3101 758
3102 4214
3103 1316
3104 1943
3105 2009
3106 3118
3107 4613
3108 4628
3109 119
3110 604
3111 1578
3112 3580
3113 4697
3114 5167
3115 1924
3116 2854
3117 1037
3118 2474
3119 4056
3120 4640
3121 5009
3122 1466
3123 1402
3124 1401
3125 3933
3126 53
3127 263
3128 1520
3129 1676
3130 2999
3131 1165
3132 1271
3133 1914
3134 2015
3135 4358
3136 2337
3137 4872
3138 875
3139 5227
3140 2708
3141 2870
3142 5206
3143 1480
3144 3398
3145 5001
3146 336
3147 375
3148 2810
3149 3906
3150 60
3151 215
3152 1788
3153 2655
3154 2724
3155 3275
3156 4896
3157 918
3158 2008
3159 2945
3160 3048
3161 3049
3162 4242
3163 717
3164 2645
3165 3106
3166 3765
3167 1226
3168 1544
3169 1608
3170 1651
3171 3959
3172 5147
3173 1351
3174 3112
3175 3474
3176 4809
3177 2943
3178 3592
3179 988
3180 3969
3181 1216
3182 2189
3183 4010
3184 4213
3185 5063
3186 851
3187 3168
3188 3403
3189 3668
3190 4150
3191 117
3192 948
3193 2121
3194 2407
3195 3280
3196 3954
3197 4903
3198 1617
3199 5182
3200 1411
3201 64
3202 3000
3203 112
3204 2026
3205 2355
3206 3430
3207 4908
3208 1589
3209 1599
3210 1972
3211 254
3212 543
3213 545
3214 662
3215 751
3216 755
3217 757
3218 998
3219 1042
3220 1277
3221 1324
3222 1334
3223 1410
3224 1526
3225 1714
3226 1915
3227 2560
3228 2656
3229 2668
3230 2764
3231 2799
3232 2917
3233 3490
3234 3527
3235 3530
3236 3531
3237 3577
3238 3683
3239 4490
3240 4608
3241 4910
3242 4913
3243 4935
3244 5207
3245 158
3246 680
3247 966
3248 1504
3249 1969
3250 2031
3251 2787
3252 2796
3253 2903
3254 3166
3255 3237
3256 3273
3257 4022
3258 4409
3259 4488
3260 118
3261 4480
3262 4417
3263 1909
3264 2643
3265 2844
3266 4437
3267 635
3268 2006
3269 1246
3270 1269
3271 1291
3272 2922
3273 4226
3274 1716
3275 4050
3276 5154
3277 5158
3278 2636
3279 1465
3280 2516
3281 4270
3282 34
3283 1347
3284 1427
3285 1683
3286 2142
3287 2880
3288 3100
3289 3307
3290 3468
3291 5192
3292 4565
3293 3704
3294 2306
3295 4240
3296 1136
3297 1886
3298 1339
3299 4868
3300 4919
3301 4931
3302 692
3303 1041
3304 1091
3305 2542
3306 4074
3307 4705
3308 415
3309 552
3310 2669
3311 2842
3312 4538
3313 5169
3314 4569
3315 1083
3316 2946
3317 4295
3318 4286
3319 146
3320 506
3321 3167
3322 1797
3323 2201
3324 3505
3325 4405
3326 2692
3327 4541
3328 4495
3329 3848
3330 144
3331 714
3332 2779
3333 3090
3334 549
3335 4037
3336 5166
3337 1889
3338 1896
3339 121
3340 1759
3341 4008
3342 1488
3343 860
3344 862
3345 1781
3346 1927
3347 2248
3348 2253
3349 2258
3350 2941
3351 3099
3352 3365
3353 3515
3354 2311
3355 2210
3356 4555
3357 4819
3358 5113
3359 2148
3360 4318
3361 4840
3362 1274
3363 1888
3364 2129
3365 2257
3366 5122
3367 1810
3368 3354
3369 4133
3370 1183
3371 23
3372 3241
3373 4104
3374 1558
3375 1561
3376 1259
3377 1503
3378 5044
3379 4165
3380 36
3381 2263
3382 4761
3383 2395
3384 3757
3385 4438
3386 4440
3387 1713
3388 1659
3389 2570
3390 3499
3391 759
3392 2466
3393 2664
3394 3833
3395 4467
3396 3
3397 770
3398 4656
3399 1757
3400 3212
3401 4846
3402 2784
3403 3221
3404 3887
3405 4087
3406 891
3407 2551
3408 4432
3409 856
3410 1448
3411 2362
3412 4171
3413 4678
3414 678
3415 1031
3416 282
3417 2571
3418 4076
3419 2818
3420 4633
3421 1868
3422 5163
3423 1811
3424 509
3425 1127
3426 3606
3427 4177
3428 105
3429 1455
3430 1656
3431 2239
3432 2816
3433 2965
3434 3104
3435 412
3436 772
3437 848
3438 2081
3439 985
3440 1187
3441 3265
3442 3949
3443 313
3444 2735
3445 2950
3446 3047
3447 3152
3448 4262
3449 2663
3450 584
3451 2502
3452 5146
3453 5153
3454 1115
3455 342
3456 1134
3457 5202
3458 3526
3459 4667
3460 4793
3461 32
3462 4673
3463 2686
3464 1235
3465 3987
3466 308
3467 2265
3468 2723
3469 3137
3470 5229
3471 2475
3472 1002
3473 2155
3474 2644
3475 3905
3476 2011
3477 4336
3478 4338
3479 1823
3480 2082
3481 2557
3482 4343
3483 5022
3484 1923
3485 3442
3486 766
3487 258
3488 2177
3489 2940
3490 3132
3491 3458
3492 309
3493 3089
3494 4359
3495 4367
3496 1223
3497 2052
3498 2231
3499 2783
3500 4679
3501 4891
3502 2713
3503 804
3504 5117
3505 5132
3506 559
3507 792
3508 1171
3509 1588
3510 1822
3511 3669
3512 2882
3513 639
3514 1379
3515 1394
3516 4208
3517 104
3518 2678
3519 2949
3520 1147
3521 37
3522 3414
3523 3452
3524 110
3525 1022
3526 1885
3527 2423
3528 4109
3529 2597
3530 16
3531 1702
3532 1897
3533 2088
3534 520
3535 1112
3536 1142
3537 2071
3538 2230
3539 101
3540 4030
3541 4051
3542 870
3543 1104
3544 1406
3545 2224
3546 3653
3547 730
3548 1124
3549 3901
3550 4125
3551 416
3552 532
3553 629
3554 922
3555 1988
3556 2065
3557 2085
3558 2193
3559 2732
3560 3766
3561 4147
3562 4148
3563 4693
3564 4999
3565 5024
3566 5152
3567 24
3568 2216
3569 4339
3570 207
3571 1281
3572 1094
3573 3927
3574 135
3575 3228
3576 3286
3577 127
3578 2511
3579 2642
3580 3941
3581 510
3582 1995
3583 3945
3584 1611
3585 1650
3586 1807
3587 4688
3588 2086
3589 2104
3590 2333
3591 3510
3592 3624
3593 4316
3594 3345
3595 1627
3596 3064
3597 4572
3598 6
3599 2219
3600 3712
3601 3823
3602 4948
3603 634
3604 3803
3605 1711
3606 2075
3607 332
3608 5170
3609 1250
3610 2297
3611 2605
3612 4874
3613 1058
3614 2719
3615 4136
3616 3313
3617 2176
3618 2344
3619 3119
3620 4320
3621 2377
3622 5151
3623 4689
3624 1845
3625 2480
3626 3649
3627 2118
3628 2661
3629 2662
3630 3770
3631 4699
3632 3290
3633 4351
3634 1691
3635 826
3636 2684
3637 4909
3638 5198
3639 776
3640 3139
3641 3235
3642 4519
3643 1446
3644 2429
3645 5150
3646 4585
3647 4617
3648 4825
3649 2096
3650 3470
3651 4521
3652 5020
3653 747
3654 1359
3655 1698
3656 1905
3657 703
3658 2093
3659 2682
3660 3372
3661 3355
3662 1615
3663 2840
3664 3952
3665 1000
3666 1256
3667 1426
3668 3885
3669 4747
3670 743
3671 959
3672 3317
3673 4471
3674 4863
3675 3128
3676 624
3677 1174
3678 3131
3679 3937
3680 3164
3681 3420
3682 2918
3683 459
3684 1212
3685 530
3686 1709
3687 2406
3688 537
3689 4716
3690 4717
3691 5128
3692 2904
3693 444
3694 1545
3695 4252
3696 3362
3697 2522
3698 1773
3699 4523
3700 2275
3701 2276
3702 3522
3703 1390
3704 345
3705 1099
3706 2345
3707 4234
3708 4266
3709 2012
3710 2839
3711 2701
3712 3654
3713 3874
3714 773
3715 153
3716 789
3717 480
3718 485
3719 4195
3720 5068
3721 4897
3722 3421
3723 3713
3724 2927
3725 2691
3726 1884
3727 3449
3728 615
3729 3832
3730 1850
3731 5189
3732 1273
3733 756
3734 839
3735 2540
3736 2782
3737 4034
3738 4312
3739 41
3740 3363
3741 1191
3742 2325
3743 2136
3744 2555
3745 3431
3746 3591
3747 4354
3748 4524
3749 5172
3750 653
3751 2353
3752 1065
3753 1461
3754 1612
3755 3443
3756 3710
3757 4497
3758 4706
3759 1028
3760 3999
3761 2091
3762 3259
3763 2517
3764 4137
3765 1357
3766 698
3767 2477
3768 3875
3769 4384
3770 2837
3771 385
3772 3101
3773 4810
3774 4650
3775 693
3776 2097
3777 2592
3778 2700
3779 4277
3780 4389
3781 362
3782 793
3783 325
3784 1632
3785 3281
3786 2893
3787 597
3788 2145
3789 5159
3790 5108
3791 131
3792 2688
3793 73
3794 3301
3795 3741
3796 4371
3797 5162
3798 2184
3799 3190
3800 4126
3801 4128
3802 4314
3803 4146
3804 3729
3805 4632
3806 94
3807 1574
3808 3206
3809 3232
3810 1463
3811 1766
3812 802
3813 1729
3814 2699
3815 3278
3816 5213
3817 1541
3818 2106
3819 904
3820 3282
3821 1391
3822 2374
3823 431
3824 569
3825 616
3826 721
3827 724
3828 746
3829 752
3830 1309
3831 1464
3832 1882
3833 2399
3834 2479
3835 2575
3836 2868
3837 2928
3838 2936
3839 3115
3840 3791
3841 3971
3842 4088
3843 4241
3844 4404
3845 5006
3846 4093
3847 643
3848 2087
3849 1215
3850 3995
3851 5093
3852 4856
3853 2284
3854 4469
3855 641
3856 2621
3857 4145
3858 4197
3859 2382
3860 4680
3861 322
3862 999
3863 3897
3864 4729
3865 4944
3866 1354
3867 2147
3868 5126
3869 2215
3870 1825
3871 1329
3872 5008
3873 3239
3874 5039
3875 1019
3876 3364
3877 1177
3878 3570
3879 4164
3880 1462
3881 2138
3882 4268
3883 625
3884 4473
3885 3688
3886 1135
3887 3777
3888 4564
3889 841
3890 1392
3891 1580
3892 3366
3893 4149
3894 4388
3895 4447
3896 4741
3897 5144
3898 5145
3899 2894
3900 3375
3901 3377
3902 3446
3903 4064
3904 4135
3905 4306
3906 4815
3907 4818
3908 1063
3909 3416
3910 4066
3911 808
3912 791
3913 1910
3914 2514
3915 3153
3916 4765
3917 4847
3918 4253
3919 4802
3920 5130
3921 5156
3922 3068
3923 580
3924 2141
3925 2221
3926 3327
3927 4260
3928 3812
3929 496
3930 1076
3931 3595
3932 1449
3933 2857
3934 3054
3935 3204
3936 3374
3937 4637
3938 2058
3939 3057
3940 3838
3941 3889
3942 2204
3943 3550
3944 2188
3945 1945
3946 2168
3947 3979
3948 4155
3949 3464
3950 3509
3951 181
3952 2080
3953 3728
3954 4151
3955 1295
3956 1649
3957 3396
3958 840
3959 1887
3960 3514
3961 4045
3962 4506
3963 2518
3964 3292
3965 4348
3966 4462
3967 4287
3968 2416
3969 2595
3970 923
3971 1481
3972 1920
3973 2349
3974 2797
3975 1982
3976 817
3977 5134
3978 1221
3979 2235
3980 5171
3981 1723
3982 430
3983 3015
3984 4397
3985 2470
3986 2632
3987 196
3988 437
3989 1692
3990 2347
3991 2404
3992 3311
3993 4203
3994 4399
3995 2547
3996 4378
3997 1795
3998 4602
3999 68
4000 1677
4001 2789
4002 188
4003 1035
4004 1989
4005 478
4006 516
4007 4025
4008 4428
4009 2604
4010 2996
4011 3357
4012 4129
4013 1458
4014 1533
4015 290
4016 4094
4017 4833
4018 4758
4019 3036
4020 2869
4021 3478
4022 107
4023 3162
4024 4310
4025 5212
4026 5034
4027 1546
4028 1635
4029 3074
4030 2937
4031 986
4032 1864
4033 4081
4034 4082
4035 201
4036 2498
4037 3222
4038 515
4039 3022
4040 3378
4041 4618
4042 606
4043 1413
4044 1715
4045 2660
4046 3926
4047 4539
4048 5075
4049 2506
4050 3012
4051 4986
4052 2548
4053 1323
4054 1587
4055 3340
4056 765
4057 1436
4058 1519
4059 1892
4060 4193
4061 2310
4062 3326
4063 4353
4064 1173
4065 5208
4066 410
4067 3040
4068 2094
4069 2070
4070 2609
4071 4400
4072 3902
4073 348
4074 748
4075 2576
4076 4370
4077 767
4078 900
4079 2162
4080 2202
4081 3761
4082 4513
4083 236
4084 555
4085 1804
4086 2435
4087 4666
4088 1809
4089 1288
4090 744
4091 353
4092 993
4093 1591
4094 1749
4095 2411
4096 3536
4097 1196
4098 4365
4099 4728
4100 80
4101 1095
4102 2359
4103 3703
4104 4552
4105 2294
4106 701
4107 320
4108 540
4109 3666
4110 5033
4111 2720
4112 5000
4113 2596
4114 3144
4115 5222
4116 380
4117 1930
4118 1960
4119 2320
4120 3219
4121 2126
4122 2958
4123 1965
4124 3930
4125 798
4126 3194
4127 3868
4128 1783
4129 2095
4130 3266
4131 5118
4132 1917
4133 166
4134 868
4135 1577
4136 2283
4137 4451
4138 5064
4139 1653
4140 3217
4141 921
4142 3670
4143 4250
4144 1451
4145 2510
4146 3733
4147 2194
4148 4788
4149 1821
4150 2313
4151 4317
4152 587
4153 1596
4154 4090
4155 4790
4156 5096
4157 4459
