1 675 0.16233766233766234
2 789 0.18975468975468976
3 676 0.16257816257816257
4 428 0.10293410293410293
5 258 0.06204906204906205
6 205 0.0493025493025493
7 153 0.0367965367965368
8 140 0.03367003367003367
9 99 0.023809523809523808
10 92 0.022126022126022125
11 65 0.015632515632515633
12 45 0.010822510822510822
13 57 0.013708513708513708
14 38 0.00913900913900914
15 48 0.011544011544011544
16 25 0.006012506012506013
17 44 0.010582010582010581
18 20 0.00481000481000481
19 18 0.004329004329004329
20 28 0.006734006734006734
21 16 0.003848003848003848
22 12 0.002886002886002886
23 44 0.010582010582010581
24 8 0.001924001924001924
25 8 0.001924001924001924
26 7 0.0016835016835016834
27 3 0.0007215007215007215
28 5 0.0012025012025012026
29 3 0.0007215007215007215
30 8 0.001924001924001924
31 9 0.0021645021645021645
32 3 0.0007215007215007215
33 9 0.0021645021645021645
34 37 0.008898508898508899
35 1 0.0002405002405002405
36 2 0.000481000481000481
37 5 0.0012025012025012026
38 1 0.0002405002405002405
40 1 0.0002405002405002405
41 3 0.0007215007215007215
42 19 0.00456950456950457
43 2 0.000481000481000481
44 1 0.0002405002405002405
45 13 0.0031265031265031266
46 2 0.000481000481000481
47 4 0.000962000962000962
48 3 0.0007215007215007215
49 4 0.000962000962000962
51 2 0.000481000481000481
53 1 0.0002405002405002405
54 1 0.0002405002405002405
55 1 0.0002405002405002405
56 3 0.0007215007215007215
57 1 0.0002405002405002405
59 1 0.0002405002405002405
60 1 0.0002405002405002405
62 1 0.0002405002405002405
63 1 0.0002405002405002405
65 1 0.0002405002405002405
66 1 0.0002405002405002405
67 1 0.0002405002405002405
68 2 0.000481000481000481
77 2 0.000481000481000481
79 1 0.0002405002405002405
81 1 0.0002405002405002405
