4158
0 750
0 778
1 341
1 2928
1 3954
2 372
2 835
2 1366
2 1563
3 89
3 394
3 1890
4 39
4 702
4 1413
4 1545
4 3664
5 9
5 65
5 2099
5 2225
5 2311
5 2615
5 3109
5 3819
6 1660
6 2015
7 56
7 2119
7 2319
7 2557
7 2741
7 3267
8 1262
8 3486
9 859
9 1356
9 1552
9 1901
9 2132
9 2563
9 3250
9 3796
9 3929
10 510
10 2681
10 4034
11 22
11 1561
11 2487
12 2257
12 2744
12 3872
13 2545
13 3247
14 1188
14 1526
14 2746
15 569
15 1276
15 2643
15 3991
16 1690
16 3293
16 3584
16 3994
17 667
17 676
17 1667
17 3273
18 865
18 1154
18 2147
18 2689
19 504
19 1633
19 1771
19 2103
19 3129
20 1952
20 3721
20 4124
21 1279
21 2277
22 502
22 879
22 939
22 2228
22 2521
23 1118
23 1326
23 4146
24 535
24 618
24 2639
24 3979
25 1478
26 183
26 2012
26 3438
27 951
27 3818
28 199
28 2339
28 2371
28 2509
28 3302
29 457
29 588
29 1060
29 1757
29 1894
29 3071
29 3626
30 78
30 634
30 1394
30 3070
30 3502
30 3515
31 180
31 522
31 1899
31 2531
31 2546
31 2847
32 269
32 1372
32 2261
33 138
33 2270
33 3339
34 208
34 2736
34 3231
34 4023
35 1129
36 966
36 2678
37 1674
37 1783
37 4035
38 229
38 869
38 1678
38 3589
39 862
39 2664
39 3475
40 236
40 428
40 965
40 1810
40 2002
40 3084
40 3297
41 203
41 986
41 1361
41 3011
41 3896
42 761
43 2458
43 2476
43 2534
43 3370
44 183
44 1003
44 1434
44 3268
45 1234
45 1424
45 2416
45 2974
46 742
46 789
46 3133
46 4088
47 692
47 1461
47 2343
47 2624
48 547
48 2345
48 2531
48 2634
50 55
50 145
50 676
50 1357
50 1410
50 2841
50 3663
51 238
51 573
51 646
51 2322
51 3312
52 1268
52 1670
52 2050
52 2061
52 2137
52 2517
53 1819
53 4103
54 129
55 908
55 3787
56 869
56 2553
56 3367
56 3715
56 3987
57 578
57 1073
57 1416
58 138
58 224
58 1683
58 2803
60 287
60 536
60 869
60 3236
60 3391
61 1008
61 2126
61 2161
61 2994
61 3618
61 3945
62 795
62 848
62 1631
62 1689
62 2074
62 2572
62 2708
62 3096
62 3360
63 569
63 1157
63 1436
63 2726
64 2615
64 2726
64 3436
65 387
65 824
65 2335
65 3603
66 876
66 1272
66 1384
66 1521
66 2126
66 3650
67 2416
67 2931
67 4001
67 4107
68 148
68 151
68 562
68 792
68 1564
68 1681
68 2658
68 3714
68 4014
69 103
69 342
69 874
69 1014
69 1164
69 1553
70 722
70 892
70 1728
70 2649
71 1166
71 2172
71 2313
71 2539
72 97
72 181
72 756
72 914
72 1385
72 3302
72 3634
73 97
73 612
73 1685
73 3156
73 3654
74 505
74 2032
74 2235
74 3249
74 3610
75 911
75 2107
75 2557
76 966
76 1157
76 1167
76 1408
76 2969
76 2971
76 3775
76 3909
77 1116
77 1475
77 2407
77 3988
78 877
78 1036
78 3822
78 3892
79 1215
79 2208
79 3340
79 3499
80 286
80 560
80 904
80 2061
80 2370
80 3626
80 3656
80 3986
81 788
81 1380
81 2867
81 3189
81 3471
81 3644
81 4065
82 781
82 987
82 3553
82 4146
83 575
83 2569
83 2769
84 668
84 785
84 1013
84 1095
84 1371
84 1645
84 3115
84 3548
85 580
85 3075
86 809
86 2108
86 3313
86 3411
86 4050
87 577
87 2387
87 2676
87 3297
87 3628
87 3705
88 177
88 2358
88 2385
88 3119
88 3851
89 1702
89 2871
89 3356
89 3490
89 3583
90 827
90 1770
90 2431
90 3792
91 2741
91 3392
92 237
92 2829
92 3352
92 3614
93 1917
93 3615
94 2583
94 3394
95 660
95 675
95 788
95 1500
96 2542
96 3068
96 3303
97 1721
97 2130
97 2511
97 2597
98 285
98 2119
98 2627
98 4034
99 216
99 417
99 851
99 1072
99 3257
99 3495
100 697
100 1985
100 2302
100 2331
100 2620
100 3574
101 2064
101 2176
101 3325
101 3365
101 3585
102 603
102 1792
102 2403
102 2520
102 2723
102 3395
103 2506
103 2611
103 3403
104 2520
104 3026
104 3541
105 511
105 1209
105 1318
105 1579
105 1771
105 4031
106 114
106 775
106 1030
106 1139
106 4103
107 1471
107 2286
107 2376
107 2852
107 3660
108 1190
108 2515
109 1045
109 1253
109 2715
110 1383
110 2590
110 2764
110 3967
111 1237
111 1349
111 2164
111 2307
111 3187
111 3662
112 579
112 2279
113 840
113 1062
113 1857
113 2208
113 2541
113 3011
113 4040
114 313
114 594
114 1815
114 2893
115 163
115 1108
115 1236
115 2012
116 1223
116 3089
116 3756
116 3993
116 4121
117 979
117 2296
117 3858
118 1341
118 1668
118 2202
118 3285
118 3432
118 3530
118 3663
118 3822
118 3947
119 1972
119 1992
119 2748
120 2336
120 3368
120 4084
121 860
121 1058
121 1533
122 1093
122 1835
122 2044
122 3850
123 1998
123 2272
124 871
124 906
124 3064
124 3111
124 3113
125 3303
126 291
126 325
126 444
126 465
126 1938
126 3305
126 3590
126 3857
127 461
127 2433
127 2731
128 1024
128 1205
128 1380
128 3041
129 939
129 1058
129 1505
129 1536
129 4004
129 4108
130 677
130 1042
130 3847
130 3949
130 4097
131 1440
131 1514
131 2094
132 379
132 1175
132 2638
132 2892
132 3687
133 538
133 1942
133 2738
133 3067
133 3191
133 3729
134 139
134 333
134 526
134 1303
134 3871
135 1236
135 3969
136 1436
136 2179
136 2231
136 2564
136 3341
136 3851
136 3878
136 3923
136 3987
137 297
137 1964
137 3818
138 801
138 3099
138 3260
138 3900
138 3956
139 1028
139 2518
139 3499
139 3717
140 1291
140 1575
141 763
141 2322
142 2815
142 3447
143 718
143 1760
143 2735
143 3209
144 809
145 1769
145 1895
145 2526
146 626
146 1230
146 2212
146 3349
146 3499
146 3514
147 175
147 2429
147 3621
148 1037
148 3522
149 294
149 398
149 810
149 2622
149 2672
149 2937
149 3037
150 3876
151 505
151 1667
151 2020
151 3228
151 3341
152 304
152 3080
152 3177
152 3421
153 836
154 865
154 1742
154 2406
154 2456
154 2668
154 3710
155 262
155 615
155 985
155 2757
155 3727
155 4067
155 4101
156 459
156 482
156 1845
156 1926
156 3044
156 3181
156 3281
156 3540
156 3606
157 183
157 318
157 1950
157 2418
157 3632
157 3876
158 3434
158 3952
159 3008
159 4076
160 308
160 696
160 1835
160 2369
161 332
161 877
161 3573
162 302
162 1767
162 3352
162 3375
162 3561
163 464
163 494
163 695
163 812
163 1549
163 1808
163 3469
164 541
165 998
165 1236
166 3000
167 1416
167 2450
168 2432
168 2992
168 3729
168 3737
169 1741
169 2049
169 2160
170 188
170 247
170 942
170 1738
170 2483
170 3748
170 3808
170 3951
170 4026
171 527
171 754
171 796
171 845
171 1641
171 2527
171 3070
172 2774
172 3219
173 295
173 807
173 875
173 1046
173 3962
174 383
174 1486
174 3278
174 3645
174 3710
175 1142
175 1706
175 2528
176 806
176 1309
176 1605
176 1709
176 2429
177 3130
177 3657
178 265
178 3226
178 3850
178 3907
179 1405
179 1542
179 2104
179 2339
179 2777
179 2981
179 3767
180 447
180 1366
180 2218
181 896
181 1448
181 3531
181 3632
182 3182
182 3502
182 3883
183 326
183 561
183 681
183 1952
183 3078
184 1452
184 2695
184 3412
185 1315
185 1493
185 2749
185 3044
185 3902
186 257
186 2592
186 3957
187 1543
187 2239
187 2513
187 3477
188 583
188 2307
188 2370
189 764
189 1233
189 2554
189 3936
190 321
190 1898
190 2291
190 3123
191 1167
191 1825
191 1852
191 2155
191 2850
191 3717
192 358
192 1617
192 3486
193 706
193 828
193 3166
194 738
194 3629
195 2574
195 3293
195 3397
195 3467
195 3478
195 4009
196 654
196 3560
196 3690
196 3783
197 231
197 466
197 3225
197 4011
198 1899
198 2432
199 754
199 2025
199 2747
199 3119
200 2765
200 2966
200 3124
201 1805
201 2005
201 4137
202 1199
203 242
203 421
203 755
203 1413
203 3935
204 376
204 2673
205 671
205 857
205 2536
205 3114
205 3225
205 3736
206 1365
206 1506
206 2760
206 3418
207 2145
207 2565
207 3115
207 4131
208 2105
208 2422
208 3252
208 3649
209 610
209 1197
209 3811
210 2568
210 3256
210 3352
211 924
211 2377
211 3415
212 397
212 1134
212 1173
212 1212
212 3345
212 3634
213 654
213 3760
213 3769
213 3902
214 1935
214 2315
214 3449
215 655
215 945
216 536
216 1876
216 2026
216 2285
216 2299
216 3062
217 327
217 405
217 1102
217 2203
218 1055
218 1261
218 1760
218 2671
219 392
219 412
219 2103
219 3294
219 3796
219 4019
220 539
220 1754
220 2678
221 2416
221 2848
221 2916
221 3451
221 3462
221 3817
221 3908
221 4145
222 530
222 1685
222 3135
222 4109
223 623
223 2819
223 3545
223 3762
224 1462
224 2649
226 802
226 1383
226 2085
226 2456
226 2572
226 3342
226 3663
226 3765
226 3972
227 395
227 1079
227 2139
228 442
228 1178
228 1214
228 1384
228 1860
229 3203
229 3414
230 392
230 2202
230 2506
230 2980
231 362
231 568
231 1118
231 2652
231 2748
231 3048
231 4070
232 815
232 1675
232 2330
232 2529
232 3220
232 3226
232 3386
232 3600
232 3714
233 1162
233 2554
233 2775
234 529
234 2945
235 1355
235 2365
236 803
236 1198
236 2120
236 2523
236 3597
237 451
237 758
237 982
237 1531
237 1689
237 2202
238 1680
238 2178
238 3410
239 264
239 2652
239 2894
239 3034
239 3525
240 2127
241 627
241 1425
241 2543
241 2638
242 1193
242 3043
242 3271
242 3626
242 3703
243 493
243 1531
243 3326
243 3859
243 4112
244 407
244 445
244 1461
244 2629
244 2751
244 4079
245 267
245 468
245 733
245 1693
245 2958
245 3380
246 1827
246 2357
247 3613
247 3649
248 847
248 2263
248 3285
249 2362
249 3546
250 1242
250 1516
250 1836
251 305
251 2197
251 2220
251 2496
251 3225
252 615
252 3641
252 3812
254 427
254 877
254 2127
254 2893
254 3582
255 1311
255 1837
255 3059
256 2918
256 3709
257 3223
258 2167
258 2790
258 3086
259 585
259 602
259 1063
259 1929
259 2630
260 430
260 1073
260 1322
260 2920
260 4087
261 548
261 2073
261 2643
261 2850
261 3002
261 3219
261 3328
261 3488
261 3851
262 1988
263 1381
263 2622
264 1164
264 1415
264 1557
264 1696
264 3731
264 4028
265 1239
265 1430
265 1679
265 2074
266 972
266 1171
266 3715
266 3822
267 864
268 444
268 1261
269 476
269 780
269 939
269 1058
269 3091
270 1709
271 489
271 769
271 883
271 2078
271 2468
271 2628
271 2731
271 3167
271 3851
271 3943
272 1842
272 2854
272 3283
273 668
273 1251
273 3160
273 3231
273 3828
274 436
274 751
274 920
274 1038
274 1589
274 1666
274 2206
275 598
275 863
275 890
275 2650
275 2748
276 2642
276 2668
276 3204
277 335
277 771
277 891
277 1643
277 1652
277 2090
277 3535
278 470
278 482
278 754
278 2764
278 3831
279 937
279 2226
279 2485
279 3277
279 3446
280 2950
281 1083
281 1293
281 1483
281 2084
281 2968
281 2986
281 3651
281 4057
282 973
282 2437
283 518
283 1767
283 2703
283 3279
283 3995
284 882
284 1474
284 2281
284 3128
285 1652
285 2154
285 3176
285 3198
286 582
286 1107
286 1913
286 2255
286 2963
286 3983
287 1132
287 2292
287 3101
287 3275
287 3705
288 2532
288 3601
289 2203
289 3098
289 4133
290 2240
290 2760
290 3508
291 1684
291 2318
291 2992
291 3039
291 3440
292 459
292 1832
292 2363
292 2488
293 1950
293 2490
294 2160
294 3021
294 3117
294 3270
294 3704
295 1736
295 2815
298 776
298 1306
298 1425
298 3437
298 3584
299 407
299 1285
299 2145
300 1831
300 3313
300 3809
301 756
301 993
301 2150
301 3244
302 752
302 804
302 1440
302 2261
302 2682
302 4083
302 4108
303 443
303 849
303 1067
303 2200
303 2208
303 2582
304 459
304 1596
304 1730
304 1813
304 2385
304 2684
304 4156
305 1754
305 2029
305 2127
306 779
306 996
306 1635
306 2701
306 2813
306 3353
306 3658
306 4155
307 407
307 1499
307 1816
307 2182
307 3814
308 2910
309 3594
309 3782
310 1141
310 1504
310 2637
310 3164
310 3960
311 854
311 1162
311 2802
312 1763
312 1972
312 2040
312 3306
312 3458
313 804
313 810
313 1675
313 1689
313 2822
313 3309
313 4113
314 1766
314 1976
314 2052
315 593
315 625
315 1072
315 1494
315 2098
315 2731
315 3054
316 1588
316 1781
316 2365
317 965
317 2766
317 3079
317 4049
318 1601
318 2175
318 2429
318 2666
318 3105
319 572
319 2682
319 3037
319 4137
320 808
320 2842
321 1072
321 1215
321 1731
321 2720
321 3422
321 3722
321 4083
322 683
322 1069
322 1158
322 1588
322 2356
323 362
323 1978
323 2323
323 2703
323 3499
324 1452
324 2716
324 2883
324 2911
324 2975
324 3000
324 3497
324 3671
325 1045
325 1773
325 2456
325 4120
326 2358
326 3017
326 3804
327 730
327 976
327 1875
327 3092
327 3353
328 1742
328 2658
328 3652
329 1279
329 1388
329 2227
329 2615
329 3669
329 3686
330 444
330 1480
331 339
331 1866
331 3136
331 4111
332 2131
332 2437
332 2582
332 3038
333 946
333 2280
333 2484
333 2592
334 3586
334 3829
336 1310
336 2527
336 2624
336 2807
336 2954
337 1185
337 3096
337 3955
338 1296
338 1664
338 1911
338 2548
338 2615
339 632
339 1479
339 1707
339 2857
340 443
340 658
340 723
340 774
340 2959
340 3891
341 357
341 2030
342 1092
342 1583
342 1816
342 3319
342 3341
342 4017
343 886
343 1034
343 1623
344 459
344 1037
344 1697
344 2192
345 830
345 897
345 1004
345 1246
345 2744
346 1914
346 3923
346 3940
346 3992
347 453
347 1303
348 1164
348 1468
348 2712
348 3880
348 4142
349 821
349 1119
349 2343
349 3391
350 654
350 893
350 1196
350 1703
350 1866
350 2896
350 2974
350 3069
350 3611
351 472
351 3709
351 4030
352 393
352 553
352 2448
352 3617
353 925
353 2386
353 2411
353 3302
354 872
354 1317
354 1462
354 2536
354 2799
354 4053
355 866
355 1433
355 1437
355 1533
355 1544
355 1770
355 1908
355 3143
355 3181
355 3679
355 3745
355 3823
356 503
356 1263
356 3050
356 3129
356 3578
357 816
357 2192
357 2663
358 1505
358 4034
359 2161
359 2204
359 4146
360 1946
360 2426
360 2631
360 2874
361 958
361 1038
361 1631
361 2138
361 3759
361 3871
362 723
362 1446
362 1528
362 2926
362 3574
363 1567
364 607
364 785
364 1409
364 2322
364 3891
365 2127
365 2465
365 3063
366 1083
366 1562
367 2248
367 2756
368 1355
368 2885
369 1733
369 2523
369 2671
369 2987
370 541
370 1254
370 2419
370 2580
370 2595
370 3115
370 3152
370 3274
370 4060
371 1992
371 2880
371 2936
372 2024
372 3079
373 722
373 879
373 1448
373 1667
373 2087
374 388
374 580
374 664
374 1193
374 3239
374 3643
375 4084
376 2405
376 2755
377 1686
377 2265
377 2519
377 3977
378 475
378 3847
378 3889
378 4114
379 388
379 570
379 758
379 3079
379 3976
380 2161
380 2330
380 2994
381 437
381 1319
381 1503
382 1512
382 1541
382 1554
382 1788
382 2546
382 2901
382 3232
383 385
383 1019
383 2307
383 2555
383 3070
383 3723
384 486
384 1149
384 2224
384 3389
385 972
385 1010
385 1142
385 1246
385 2228
385 2706
385 3446
385 3494
386 1232
386 2117
386 3392
386 3982
387 2023
387 2437
388 542
388 1643
388 3800
389 1183
389 1616
390 1268
390 2081
391 485
391 2212
392 859
392 1371
392 1631
392 1920
393 1626
393 2228
393 2505
393 2823
393 3975
394 1852
394 2934
394 3933
395 1453
395 1988
395 2741
395 3542
396 1383
396 2811
397 627
397 2237
397 2746
397 3351
398 1146
398 2799
398 3774
399 816
399 1594
399 2158
399 2764
399 2836
399 3289
400 1939
400 2366
401 1184
401 3474
401 3483
401 3916
402 1086
402 1333
402 2808
402 2912
402 3512
402 3955
403 1911
403 3635
404 733
404 1849
404 3063
404 3328
405 708
405 846
405 2151
405 3912
406 436
406 444
406 783
406 977
406 1124
407 775
407 902
407 3138
408 957
408 1613
408 2082
408 2915
408 3976
408 3978
409 622
409 1070
409 1411
409 2176
410 3119
410 3140
410 3491
411 685
411 1176
411 2989
411 4088
412 1031
412 1402
412 3040
412 3664
413 1133
414 1010
414 1438
414 2033
414 3831
415 1263
415 2061
415 3037
415 3568
415 3815
415 3821
416 1013
416 1377
416 2006
416 3262
416 3590
416 4095
417 1111
417 2025
417 3278
417 4076
418 498
418 1664
418 1943
419 985
419 1306
419 1722
419 2680
420 683
420 1316
420 1840
420 2797
420 3154
420 3522
421 1567
421 2478
421 3393
422 1007
422 1220
422 1335
422 2762
422 3324
422 3449
422 3507
422 3636
423 516
423 526
423 1266
423 1323
423 1722
423 1775
423 1987
423 2551
423 3268
423 3388
423 3577
423 3745
424 2249
424 2597
425 823
425 1132
425 1510
425 1554
425 2376
425 2520
425 2524
425 3212
426 880
426 1177
426 3386
426 3518
427 1778
427 2952
428 843
428 992
428 1920
428 3784
429 671
429 1275
429 2095
429 2251
429 2897
430 474
430 1133
430 1950
430 2035
431 718
431 3478
432 801
432 1082
432 1455
432 1792
432 2302
432 3518
433 2698
433 3414
434 886
434 2151
434 2399
434 3021
435 851
435 1462
435 1466
435 1678
435 2893
435 3432
436 2535
437 444
437 926
437 2363
437 2996
438 644
438 3296
439 703
439 1246
439 2469
440 1790
440 1967
440 2287
440 2979
440 3905
441 1573
441 2260
441 3827
442 2256
442 2804
443 793
443 1203
443 1252
443 1327
443 2296
443 2483
443 3690
444 660
444 1512
444 2160
444 2735
444 3093
444 3193
445 1187
445 2143
445 2244
445 2844
445 3694
445 4126
446 2941
446 3275
447 575
447 925
447 1339
448 516
448 1048
448 2083
448 2621
448 2962
448 3311
449 2090
449 3400
450 1615
450 1965
450 3259
451 978
451 1037
451 1045
451 1956
452 2359
453 1732
453 2064
453 2826
453 3722
453 4131
454 780
454 2406
454 3443
455 903
456 2049
457 1737
457 3850
457 3976
458 481
458 2203
458 4057
459 3281
459 3290
459 3601
459 3675
459 4156
460 461
460 652
460 2118
460 2205
460 2469
460 2843
460 3299
460 3514
460 3934
461 1865
461 2043
461 2085
461 2113
461 2434
461 2588
461 3141
462 844
462 1511
462 3165
462 3588
462 4136
463 1353
463 1548
464 586
464 1471
464 2468
464 2474
464 2652
464 3263
464 3780
465 3711
467 1190
467 1763
467 3604
468 512
468 846
468 989
468 1100
468 1138
468 1359
468 1800
468 2257
469 661
469 1113
469 1227
470 1142
470 2557
470 2958
470 3303
471 519
471 3045
471 4113
472 831
472 1493
472 2111
472 3230
472 3375
473 1697
473 1719
473 2155
473 3644
474 656
474 3357
474 3395
474 4073
475 558
475 1752
475 1972
475 4113
476 2223
476 2256
476 2638
476 2696
476 3522
477 726
477 2058
477 3510
477 3537
477 3559
477 3598
478 1747
478 1837
478 3865
478 3932
479 1006
479 2029
479 2587
479 3661
479 3899
480 3228
480 3992
481 678
481 1275
481 1966
481 2864
481 3032
482 532
482 1045
482 1720
482 3676
483 1021
483 1366
483 1500
483 1574
483 3363
484 634
484 744
484 2579
485 661
485 1815
485 2109
485 2545
485 2556
485 2914
485 3297
485 4092
486 1166
486 1686
486 2378
486 3299
487 2223
487 2251
487 2952
487 3931
487 4031
487 4107
488 1588
488 2195
488 2853
488 3600
489 914
489 1035
489 1452
489 3009
490 674
490 1188
490 1206
490 1425
490 2198
490 2221
490 3733
490 3975
490 4146
491 566
491 1751
492 1186
492 1712
492 1931
492 3491
494 689
494 774
494 2662
494 2773
494 3207
494 3826
495 1922
495 3095
497 1799
497 2020
497 2246
497 2314
497 2655
498 653
498 1727
498 1879
498 2170
498 4105
499 1412
499 1668
499 2567
499 3113
499 3144
500 582
500 734
500 1257
500 1656
500 2107
500 2211
500 2945
500 3383
500 3671
501 1435
501 1819
501 2261
502 1265
502 2005
502 2396
502 2695
502 3597
503 897
503 3921
504 1109
504 2133
504 3665
504 3845
505 1454
505 2293
505 2724
505 2824
505 2930
506 1848
507 918
507 1358
507 1420
507 1567
507 2248
507 2524
507 2529
507 2545
507 3038
507 3152
507 3798
508 1561
508 2668
508 3796
509 756
509 1221
509 1478
509 1617
509 3172
510 1644
510 3009
510 3858
511 1843
511 4110
512 1355
512 1375
512 2571
512 3412
513 781
513 818
513 922
513 1598
513 2458
514 661
514 743
514 1191
514 3437
515 687
515 1551
515 3265
516 2563
516 3099
517 563
517 1465
517 2230
517 4140
518 1396
518 1461
518 1469
518 2076
518 3601
518 3662
519 999
519 1103
519 2129
519 2142
519 2275
519 2402
519 2655
519 2899
520 2571
520 2897
521 934
521 2659
521 3930
522 884
522 973
522 2585
523 3180
523 3703
523 3956
524 595
524 2262
524 2937
524 3537
525 775
525 3000
525 3419
526 1039
526 1946
526 1976
526 2262
526 2913
526 3501
526 3645
526 3984
527 1721
527 1827
527 3200
528 2906
528 3831
529 667
529 1557
529 1740
529 2173
529 2966
529 3271
529 3412
529 3495
530 1085
530 1223
530 1738
530 2003
530 2467
531 856
531 1640
531 3232
532 2355
532 2539
532 2921
532 3980
533 893
533 1538
533 1648
533 3393
533 3503
534 3857
535 774
535 1933
535 2209
535 2382
537 1311
537 1933
537 1967
538 856
538 874
538 1202
538 1912
538 2348
538 2453
538 3536
538 3587
538 3985
539 1186
539 2210
539 2237
539 2545
540 786
540 2710
540 3869
541 1168
541 1317
541 4088
542 3108
542 3408
543 1316
543 2058
543 3882
543 4102
543 4147
544 832
544 1810
544 2015
544 2630
544 2979
544 3065
544 3288
544 3435
545 611
545 801
545 1190
545 2030
545 3425
545 4103
546 929
546 1241
546 1329
546 1942
546 3218
546 3902
547 769
547 1390
547 2509
547 2782
547 3978
548 1265
548 1756
548 2244
548 3465
549 923
549 984
549 1775
549 1975
549 2739
549 2778
549 3342
549 3677
550 1082
550 1143
550 1866
550 2494
550 2799
550 3873
551 896
551 2423
551 3206
552 3999
553 1638
553 2420
553 2812
553 3667
553 3685
554 898
554 1001
554 1329
554 1410
554 1899
554 3709
555 1502
555 2599
555 2683
555 3249
556 710
557 1658
557 2582
558 2267
558 2894
558 3731
559 1210
559 1221
559 1685
559 1794
559 3567
560 1282
560 1356
560 3271
561 2931
562 1576
562 2757
562 3190
562 3303
563 1259
563 1882
563 1994
563 3888
563 4021
564 1789
564 2054
564 3505
564 4005
565 694
565 1991
565 2413
565 2935
566 1488
566 1765
566 2785
566 3716
567 2791
568 668
568 1787
568 2903
568 3275
568 3367
569 2117
569 3067
569 3806
570 2327
570 4137
571 759
571 2655
571 3880
571 3901
572 1618
572 2037
572 2456
572 3289
573 775
573 1354
573 2537
573 3517
573 4004
574 1257
574 3433
574 3545
574 3662
574 3697
574 3974
575 1661
575 2395
575 3030
575 3066
576 1559
576 3522
577 645
577 1304
577 1437
577 2717
577 3161
577 3170
577 3214
578 1608
578 1918
578 3544
579 1049
580 2211
580 2239
580 2534
581 1518
581 1806
581 3420
581 3567
582 2481
583 1308
583 2443
584 967
584 2904
584 3594
585 2245
585 2268
585 2942
586 621
586 1967
586 4137
587 1978
587 2256
588 1061
588 1497
589 2174
589 3823
590 1220
590 1251
590 2890
590 3637
590 3874
591 752
591 2801
591 3267
592 802
592 1169
592 3258
593 2624
593 2825
593 3312
593 3616
594 1082
594 3620
594 4094
595 2851
595 3205
595 3708
595 3713
595 4009
597 1572
597 1607
597 1959
597 3062
597 3226
597 3617
598 771
598 1314
598 1933
598 2100
598 2265
598 2346
598 2519
598 3746
598 4039
599 911
599 1100
599 1239
599 1691
599 2193
599 3287
599 3888
600 2186
600 3513
601 1167
601 1666
601 2810
601 3657
601 3944
601 4028
602 734
602 2188
602 2406
602 2513
602 2606
602 2840
603 1474
603 1774
603 1867
603 2556
603 2646
603 3163
603 3319
603 4155
604 2096
605 1110
605 2234
605 2848
606 889
606 2782
606 2830
606 3395
606 3621
607 806
607 1502
607 1703
607 1916
607 3273
607 3465
607 4064
608 815
608 1173
608 2274
608 2429
609 1123
609 2446
609 2495
610 1374
610 2101
610 3196
610 3790
612 1683
612 1936
612 2583
613 1256
613 1312
613 3415
614 1445
614 1463
614 1885
614 2129
614 2715
614 3924
615 1141
615 1331
615 2608
615 3137
616 723
616 1254
616 4054
616 4091
617 1130
617 2413
617 2598
618 1334
618 2801
619 1199
619 4039
620 897
620 1550
620 2573
620 3262
621 1871
621 2094
622 811
622 1280
622 1591
622 1698
622 2255
622 3684
623 775
623 795
623 915
623 1876
623 2155
624 2305
624 2708
624 4089
625 2890
626 1428
626 1900
626 3464
627 2084
627 3018
627 3326
628 1506
628 3446
628 3552
629 2143
629 2594
629 3065
629 3194
630 829
630 1366
630 1497
630 1955
631 1608
631 3868
632 1143
632 1171
632 2076
632 2781
632 3180
632 3590
633 1539
634 1434
634 2146
635 1175
635 1784
635 2941
635 3675
637 3345
637 3635
638 1241
638 2295
638 2364
638 2868
638 2891
638 3106
638 3449
639 966
639 2646
639 2903
639 3775
640 876
640 1253
640 2094
640 4051
641 2495
642 2558
643 707
643 1019
644 860
644 1056
644 2157
644 2644
644 4135
645 712
645 2347
645 2542
645 2807
646 2476
646 2590
646 2596
646 3352
646 3486
646 3724
647 1953
647 2459
647 3764
648 700
648 1291
648 2097
648 2303
648 3255
648 3286
649 1612
649 1758
649 2417
649 2463
650 1231
650 2419
650 3587
651 1394
651 3796
652 888
652 1117
652 1434
652 2227
652 2878
652 3107
652 3473
652 3945
653 2656
653 3884
654 1437
654 1831
654 3042
654 4096
655 2258
655 3876
656 1009
656 1061
656 1391
657 1127
657 1485
657 1964
657 2611
658 851
658 2751
658 3641
659 750
659 2145
659 3590
660 734
660 1986
661 1684
661 1879
661 1896
661 3312
662 2266
662 2572
662 2892
662 3652
663 1849
664 4005
664 4068
665 1029
665 1130
665 2078
665 3749
666 2438
666 2791
666 2819
666 2968
667 1335
667 1983
667 2426
667 2486
667 3633
667 4107
668 881
668 1078
668 2888
669 3125
670 1438
670 3924
671 854
671 2720
671 2864
671 3239
671 3459
671 3714
672 919
673 1032
673 2264
673 4067
674 1366
675 2031
676 1024
676 2512
676 2709
676 2932
676 3134
677 2485
677 3770
677 4147
678 3495
679 2005
679 3475
680 1639
680 3396
680 4142
680 4148
681 2378
681 3892
682 2064
682 2153
683 720
683 991
683 1459
683 2888
684 948
684 2899
685 1396
685 2624
686 982
686 3113
686 3785
687 1570
687 2178
687 3953
688 1846
688 2295
688 2347
688 3735
689 1115
689 3524
689 3745
690 2798
690 3053
690 3102
690 4016
690 4051
691 875
691 3554
692 843
692 933
692 1868
692 1943
692 2318
692 2661
692 2699
692 3533
692 3754
694 730
694 1267
694 1294
694 2726
695 1759
695 2054
695 2266
695 2499
695 2990
696 698
696 2335
696 3353
696 3422
696 3593
697 2197
697 2445
697 2462
697 3006
697 3010
697 3863
698 1526
698 1691
698 1883
698 1958
698 1963
698 3119
698 4090
699 1480
699 1494
699 1555
699 2632
699 3695
700 2197
700 2747
701 1304
701 1952
701 2111
701 2187
701 2513
701 3665
701 3927
702 1113
702 3605
703 890
703 1641
704 1240
704 2340
704 2507
705 2354
705 3080
705 3433
705 4063
706 1174
706 1934
707 1246
707 1581
707 3263
707 3313
707 4030
708 1066
708 1368
708 1599
708 2421
709 1986
709 2868
709 3558
710 893
710 1063
710 3258
711 748
711 1309
711 3948
712 2577
712 3308
713 715
713 1509
713 2418
713 2921
713 3038
713 3238
713 3367
713 3839
714 1045
714 3635
714 4076
715 847
715 1774
715 2148
715 2242
715 3129
715 3838
716 3679
717 1582
717 1935
717 3184
718 1693
718 3054
718 4002
719 1874
719 2075
719 3482
719 4129
720 815
720 1229
720 1542
720 1820
720 2983
720 3275
720 4004
722 1416
722 2339
724 1041
724 1744
724 1939
724 2243
724 3406
725 845
725 1173
725 1895
726 2640
726 3572
726 3620
727 2314
727 2569
727 2844
727 3465
727 3484
728 1470
728 1525
728 3997
729 1558
729 1711
729 2961
730 875
730 2464
730 3211
731 1219
731 1642
731 2602
731 3987
731 4001
732 1003
732 1173
732 2033
732 3557
733 1732
733 2664
733 3008
733 3622
733 4097
734 1128
734 1431
734 2861
735 1282
735 1613
735 3003
736 783
736 2362
736 2750
736 3733
737 2283
737 2591
738 987
738 1563
738 1912
738 2386
738 2489
738 3018
738 3216
739 2366
739 2770
739 3596
739 3875
740 2427
740 2446
740 2512
741 1011
741 1746
741 2668
742 890
742 1358
742 2493
742 2850
742 3134
743 1053
743 2364
743 3063
743 3627
744 1265
744 2041
744 2264
745 1177
745 1393
745 2340
745 3952
746 1029
746 3907
746 4004
747 3475
747 3513
748 1502
748 1744
748 4130
749 2067
749 2286
750 1163
750 3360
750 3714
750 3848
751 1598
751 1764
751 2963
751 3506
751 3806
752 867
752 1309
752 2714
752 3355
754 775
754 844
754 2012
754 2402
754 2861
754 3546
755 1227
755 2186
755 3865
756 978
756 2252
756 3073
756 3333
756 3854
756 4063
757 1514
757 1879
757 1981
757 2302
757 2369
757 2465
757 2639
757 3154
757 3845
757 4136
758 3101
758 3315
758 4000
759 1392
759 2639
759 2645
759 2898
760 1949
760 2141
760 2416
760 2840
760 3813
761 852
761 1731
761 1868
761 3567
762 966
762 1746
762 2947
762 3862
763 2714
763 3836
763 4145
764 1269
764 1794
764 3031
765 939
765 1771
765 1862
766 1881
766 2170
766 3088
767 1467
767 2768
768 3433
768 3555
768 3812
770 1038
770 1059
770 2705
770 3293
770 4083
772 1451
772 2973
772 3952
773 1049
773 4112
774 1577
774 1938
774 4098
775 1149
775 1854
775 3238
775 3714
776 1552
776 1901
776 2665
776 3246
777 1755
777 3034
778 1108
778 1709
778 3761
779 1230
779 3496
780 2217
780 3616
780 3975
781 1182
781 1731
782 1326
783 1547
783 2834
783 3727
784 3504
784 4032
785 1253
785 1962
785 2167
785 2191
785 3710
786 1877
786 1995
786 2233
786 2773
786 3180
786 4143
787 1464
787 3056
787 4121
788 3206
789 1086
789 1967
789 3021
789 3385
789 4107
790 1468
790 2981
790 4045
791 1929
793 2093
793 4000
794 1080
795 2001
795 2534
795 3037
796 1260
796 1523
796 1709
796 1758
796 2119
796 2172
797 1040
797 1327
797 4126
798 3407
798 3536
799 2830
799 3156
800 1879
800 3226
801 809
801 932
801 2720
801 3855
802 2599
802 3247
803 1287
803 1930
803 3750
803 3910
804 3204
804 3762
805 1414
805 1767
805 3140
806 1424
806 1611
806 2969
806 3290
806 3453
806 3615
806 3997
806 4129
807 879
807 1554
807 2699
807 2735
808 985
808 1250
808 2672
808 3155
808 3958
808 3968
808 3983
809 929
809 3572
809 3855
810 841
810 2195
811 1625
811 2191
811 2279
811 2676
811 3789
812 1563
812 1769
812 3169
813 1122
813 1894
813 2458
813 2968
813 3490
813 3614
814 3823
815 889
815 1529
815 1702
815 3055
815 3382
815 3541
815 4014
816 982
817 2026
817 3197
817 3235
818 3567
818 3897
818 4100
819 1544
819 2091
820 1485
820 1739
820 2613
820 3002
820 3639
820 4003
821 2732
821 3662
822 990
822 1035
822 1314
822 1638
822 2569
822 3413
823 2542
824 1779
824 2730
824 3705
824 3742
824 4109
825 1859
825 3379
826 1455
826 2263
826 4089
827 858
827 1571
827 1700
827 2449
828 869
828 1297
828 2028
828 2818
828 3318
829 951
829 1673
829 1899
829 2256
829 3438
829 3724
829 3994
830 1455
831 1041
831 2542
831 2935
832 1400
832 2721
832 3180
832 3406
832 4025
833 1722
833 2265
833 2712
833 2765
833 2890
833 3207
834 1143
834 2119
834 3933
835 879
835 1193
835 2884
835 3908
836 1575
836 3905
837 1083
837 2642
837 3010
838 3632
838 3859
839 2267
839 2922
840 1131
840 1303
840 1374
840 1681
840 2658
840 3129
841 1295
841 2099
841 2814
842 1735
842 1785
842 1981
842 2072
843 1767
843 2267
843 2745
843 3116
843 3368
844 1933
844 1955
844 2432
844 4123
845 933
845 2358
845 3584
846 1364
846 1646
846 3011
846 3483
847 1100
847 1443
847 2885
848 2891
848 3055
848 3862
849 1452
849 1977
850 1604
850 4130
851 883
851 1973
851 3025
852 855
852 1388
852 1594
852 2105
852 3196
852 3254
852 3704
853 1266
853 2225
853 2317
853 3415
854 1391
854 2343
854 2835
854 3840
855 1552
855 1576
855 3663
856 1774
856 3281
857 1688
857 2667
857 3110
857 3392
858 1986
858 2540
858 3512
859 1366
859 2139
859 3985
860 2365
860 3143
860 3582
861 1598
861 2102
861 3109
861 3480
862 1555
862 1649
862 1961
862 3657
863 1068
863 3293
863 3657
864 893
864 2702
864 2724
864 2760
865 2644
865 3177
865 3196
865 3528
865 4097
866 1771
866 2186
866 2276
866 2321
866 3869
867 2280
867 3030
867 3469
867 4088
868 974
868 3996
869 3318
870 2599
870 2977
870 3406
871 1189
872 3967
872 4113
873 963
873 2893
874 1558
874 2782
874 4075
875 1078
875 2568
875 2870
875 3066
875 3266
875 4011
876 3125
877 2812
877 3156
877 3598
878 1435
878 3675
879 3624
879 3932
880 1415
880 2277
880 2977
880 3338
880 3935
881 2142
881 2899
881 2988
882 1403
882 1638
882 2257
882 3475
883 1475
883 2647
883 4102
884 1977
884 2333
884 3761
885 943
885 1169
885 1514
885 2363
886 3560
886 3746
887 2355
887 3470
888 1487
888 2439
888 2807
889 901
890 1552
890 2814
890 3736
891 2421
891 2880
891 2909
892 2529
892 2803
892 4069
893 1185
893 1448
893 1635
893 1779
893 2167
893 3806
893 4040
894 1998
894 2471
894 2500
894 2533
894 3328
895 2486
895 2970
896 2952
897 1242
897 2402
897 3907
899 1645
899 3869
899 3934
900 1555
900 1584
900 2164
900 2684
900 3307
900 3857
901 1313
901 2641
901 2982
901 3117
901 3777
901 4018
902 1070
902 3821
902 4052
903 3916
904 1357
904 1592
904 3585
905 3442
906 1323
906 1721
906 1866
906 3034
906 4020
907 1093
907 3127
907 3136
908 3046
909 2654
909 2703
909 3894
909 3991
910 1464
910 1823
910 3590
910 3824
911 1401
911 1981
911 2053
912 2570
912 2896
912 3697
912 3840
913 996
913 1067
914 1438
914 1662
914 1969
914 3103
914 3209
914 3211
915 1456
915 2618
915 3019
916 1048
916 3905
917 1241
918 1030
918 2789
920 1111
920 3041
920 3050
921 966
921 1209
921 1622
921 3191
921 3687
922 1341
922 2706
922 3595
922 3914
922 4109
923 1290
923 1765
923 2432
923 2459
923 3623
923 3664
923 3697
924 2175
924 3124
925 1787
925 1993
925 2702
925 4052
926 1192
926 1203
926 2301
926 2651
926 2821
926 2980
927 1521
927 2758
927 3540
928 2668
928 3201
928 3304
929 2485
929 3412
929 3748
930 2356
931 959
931 2036
931 2493
932 1391
932 3661
932 3865
932 3870
932 3873
933 1975
934 1346
934 1589
934 1902
935 1533
935 2208
935 3478
935 3889
936 1206
936 2189
936 2524
936 2764
936 4066
937 1159
937 2324
938 1142
938 1367
938 2216
938 3504
938 4115
939 1983
939 2925
939 3983
939 4081
940 3593
940 3820
940 3998
942 1269
942 2376
942 2692
942 3313
943 1578
943 2125
943 3468
944 1903
944 3201
944 3975
945 1055
946 2118
946 2646
946 3301
946 3477
947 1468
947 1506
947 3852
948 1651
948 1981
948 3462
948 3696
949 1369
949 4010
950 3388
951 954
951 1523
952 1341
952 2464
953 1824
954 2433
954 2803
954 3252
954 3536
954 3584
954 3934
954 4134
955 1999
955 2882
955 3709
956 1589
956 1905
956 3327
956 3448
956 3457
957 1123
957 1626
957 3122
957 3582
958 3340
959 1067
959 3505
959 3694
959 3839
959 3945
960 2871
960 3248
961 3033
962 1688
962 1992
962 3883
963 2087
963 3279
963 3830
964 2596
964 2780
964 4085
965 990
965 1901
965 2707
966 978
966 1018
966 2039
966 2064
966 2070
966 3194
966 4056
967 1061
967 3835
968 2426
968 3336
969 2607
969 2797
969 3238
969 3673
970 3657
970 4013
971 2408
971 4014
972 999
972 2199
972 2848
973 1496
973 1671
974 1742
974 2548
974 4099
975 1051
975 1561
975 1591
975 2777
975 3428
976 1081
976 1464
976 2908
977 2653
977 2923
977 3498
977 3780
978 1877
978 2727
979 3742
980 1930
980 3888
980 3949
981 2121
981 2988
981 3672
982 1072
982 1327
982 1655
982 2976
982 3564
983 1147
983 3157
984 1325
984 3665
984 4010
985 1740
985 3175
986 1838
986 2546
987 1223
988 1733
988 2639
989 2521
989 2617
989 3072
990 1797
990 2025
990 3136
991 2486
991 3217
992 1263
992 1432
992 2061
992 3166
993 2256
995 1202
995 1748
995 3778
995 3817
995 4128
996 1068
996 3014
996 3861
996 4114
997 1430
997 2579
997 2985
997 3348
998 1281
999 2165
1000 1183
1000 2316
1000 4011
1001 1481
1001 1770
1001 3289
1001 3461
1002 1068
1002 1941
1002 2630
1002 2910
1002 3846
1002 4072
1003 2307
1003 2399
1003 2619
1003 3077
1003 3132
1004 1218
1004 1830
1004 2310
1004 2638
1004 3883
1005 3020
1005 3988
1006 1076
1006 1924
1006 2305
1006 2840
1006 3681
1006 3719
1006 3866
1007 2133
1007 3403
1007 4032
1007 4097
1008 1261
1009 1258
1009 3742
1010 3122
1011 1097
1011 4042
1011 4135
1012 2495
1012 2739
1012 2961
1012 3624
1012 3820
1012 3872
1013 1906
1013 2239
1013 3053
1013 3313
1014 1960
1015 4119
1016 3207
1016 3694
1017 1249
1017 1409
1017 1909
1017 1967
1017 3007
1017 3279
1017 3352
1017 3575
1018 2535
1018 2765
1018 3584
1018 3651
1019 2042
1019 2047
1020 1958
1020 2299
1020 3845
1021 1500
1021 3007
1021 3573
1021 3770
1021 3818
1022 2190
1022 3421
1024 2501
1025 1371
1025 1762
1025 2315
1025 2474
1025 2641
1025 2769
1025 3743
1026 2837
1026 4150
1027 2047
1027 2691
1027 3155
1027 3280
1028 1466
1028 1917
1028 3996
1029 2103
1029 3427
1029 4104
1030 1255
1030 1258
1031 1610
1031 3743
1032 1501
1032 1763
1032 2834
1033 1609
1034 1100
1034 1986
1034 2032
1034 2328
1034 3072
1036 1182
1036 1978
1037 1145
1037 1712
1038 1094
1038 2202
1039 1883
1039 2487
1040 2285
1040 2586
1040 2775
1040 2882
1040 3928
1041 1969
1041 2012
1041 3858
1041 4112
1042 2194
1042 2945
1042 3763
1043 3006
1043 3063
1043 3276
1043 3523
1044 1594
1044 3296
1044 3783
1045 1917
1045 2324
1045 4032
1046 1334
1046 1590
1046 1601
1046 1761
1046 3892
1047 1138
1047 1353
1047 1931
1047 2035
1047 2260
1047 2813
1048 1348
1048 1469
1048 3820
1049 1989
1049 2924
1049 4128
1050 2336
1050 2447
1051 2492
1051 2513
1052 2082
1052 2574
1053 1451
1053 3484
1054 2284
1054 2523
1054 2893
1054 3427
1055 1414
1055 2221
1055 2373
1055 2790
1056 2454
1056 3265
1057 1313
1057 1334
1057 2180
1057 3058
1057 3727
1057 3995
1058 2473
1058 4141
1059 3838
1060 2612
1060 2646
1060 2763
1061 1847
1061 3629
1062 2771
1063 2352
1063 4147
1064 1390
1064 1715
1064 3539
1064 3570
1065 1346
1065 1556
1066 1137
1066 2035
1066 2527
1066 3563
1067 1736
1067 3356
1067 3871
1067 3881
1068 1273
1068 1929
1068 1988
1068 2141
1068 3416
1069 1625
1069 2585
1069 2810
1069 3742
1069 3991
1070 1622
1070 2896
1071 1088
1071 1977
1071 2474
1071 3011
1072 1883
1072 3222
1073 1315
1073 2640
1073 3491
1073 3529
1074 1668
1074 1911
1074 2100
1074 2294
1074 2985
1075 2283
1075 3088
1075 3675
1075 3956
1076 1147
1076 2614
1076 2958
1077 2994
1077 3357
1077 3917
1078 1172
1078 1269
1078 2091
1078 2553
1078 2557
1078 3010
1078 3029
1078 4120
1079 1735
1079 1876
1079 2713
1080 3560
1080 3836
1081 1283
1081 3776
1081 3963
1081 4003
1081 4073
1082 2578
1082 3373
1083 2436
1083 2824
1083 2838
1083 4083
1084 1113
1084 1234
1084 2157
1084 2921
1085 2164
1086 1956
1086 3275
1086 3338
1086 4089
1087 1530
1087 1714
1087 2284
1088 1500
1088 1526
1088 1781
1088 4040
1089 2181
1089 2337
1089 2504
1089 3900
1090 1420
1090 2661
1091 2277
1092 1296
1092 2904
1092 3121
1093 1130
1093 1987
1093 3360
1093 3701
1094 1760
1095 1568
1095 2661
1095 2750
1095 3351
1096 2248
1096 3820
1097 2598
1097 2728
1097 2757
1097 2863
1097 3196
1098 1380
1098 2624
1098 3119
1099 1128
1099 3388
1100 1261
1100 2159
1100 2869
1100 3098
1101 3248
1101 3724
1101 3925
1102 1817
1102 2748
1102 3357
1102 3613
1102 3857
1103 1197
1103 2830
1103 3627
1105 1827
1105 2760
1105 3740
1105 4039
1106 1513
1106 1717
1106 2071
1106 2231
1106 2387
1106 2547
1106 3475
1107 2815
1108 1461
1108 2493
1108 2616
1108 2704
1108 3769
1109 1157
1109 3698
1109 3787
1109 4121
1110 1839
1110 2602
1111 1752
1111 1895
1111 3054
1111 3218
1112 1882
1112 2633
1112 2819
1113 1393
1113 1926
1113 2580
1113 2735
1113 2866
1113 3229
1114 1440
1114 2736
1114 2959
1114 3335
1114 3582
1114 3840
1115 1287
1115 1521
1115 2002
1115 2441
1116 2321
1116 3388
1116 3652
1117 2276
1117 3536
1117 3919
1118 2489
1118 2933
1118 3400
1119 1875
1119 2684
1119 4029
1120 3805
1121 1125
1121 1255
1121 2108
1121 2408
1122 1197
1122 3609
1123 1522
1123 2066
1124 2034
1124 2444
1124 2535
1124 2927
1127 1440
1127 1830
1127 3818
1128 1773
1128 2443
1128 3669
1129 1445
1129 3030
1129 3094
1130 1623
1130 3925
1130 3983
1131 1996
1131 3438
1131 4042
1132 3675
1133 1872
1133 3161
1133 4099
1134 2029
1134 2132
1134 2393
1134 3886
1135 2174
1135 3706
1135 3722
1136 1936
1136 3843
1136 3877
1137 1953
1137 2213
1137 2386
1137 2993
1137 3072
1138 1736
1138 2033
1138 3565
1138 4038
1139 1141
1139 1248
1139 1847
1139 3233
1139 3270
1139 3662
1140 1182
1140 1435
1140 2341
1140 3997
1141 1937
1141 3964
1142 2295
1142 2439
1142 3288
1143 1605
1144 1550
1144 2961
1144 3214
1144 3472
1145 1320
1145 1985
1145 2356
1145 3250
1145 3251
1145 3632
1146 1774
1147 1861
1148 1159
1148 1238
1148 3103
1149 3705
1150 1467
1150 1665
1150 1684
1150 1723
1151 1233
1151 3325
1152 1945
1152 2919
1153 3194
1154 2338
1154 3380
1155 1806
1155 2814
1155 3171
1156 2992
1156 3220
1157 3357
1157 3762
1158 2067
1158 2439
1159 2040
1159 2462
1160 1495
1160 1540
1160 2234
1161 1892
1161 2688
1161 2749
1162 1633
1162 2475
1162 3252
1162 3591
1163 1277
1163 2010
1163 3498
1163 3663
1164 1814
1164 2578
1165 1462
1165 2225
1165 2277
1165 3185
1165 4115
1166 1887
1166 2574
1167 1339
1167 2138
1167 2938
1167 3702
1167 4070
1168 2326
1168 2430
1168 3609
1168 3640
1169 1385
1169 1630
1169 2361
1169 4012
1170 1910
1170 2213
1170 2223
1170 2973
1170 3034
1170 3158
1170 3179
1170 3372
1170 3386
1171 2473
1171 3874
1172 1730
1172 2374
1172 2557
1173 1556
1173 1831
1173 3913
1174 1619
1174 2825
1174 2841
1174 3400
1174 3844
1175 1402
1175 1927
1175 2636
1175 3098
1175 3697
1176 3856
1177 2371
1177 2412
1177 3705
1178 1658
1178 2287
1178 3390
1178 3821
1178 3967
1179 1247
1179 1596
1179 3917
1180 1611
1180 3380
1181 3126
1181 3495
1182 1576
1182 1956
1182 2863
1182 2965
1183 2712
1185 2569
1186 2120
1186 2857
1186 3220
1186 3241
1186 3358
1187 2220
1188 2068
1188 2494
1188 3155
1188 3227
1188 3280
1189 2704
1189 3921
1189 4002
1190 2741
1190 2905
1191 4119
1192 2514
1192 3210
1192 4131
1193 1300
1193 3176
1194 3405
1195 2866
1195 3462
1195 3582
1195 3849
1196 1784
1196 2995
1196 3499
1197 3441
1197 4019
1198 1926
1198 2718
1198 3702
1198 3961
1199 2503
1199 3105
1200 3525
1200 3686
1201 2663
1201 3265
1202 1353
1202 1444
1202 1604
1202 1672
1202 1706
1202 1810
1202 3001
1202 3572
1203 1848
1203 2945
1204 1682
1205 1322
1205 3991
1206 1310
1206 2074
1206 2182
1206 3087
1206 3308
1206 3628
1208 1300
1208 2801
1208 3396
1208 3451
1209 1824
1209 1829
1209 3667
1210 1516
1210 3120
1212 1418
1212 2160
1212 3725
1213 1949
1213 1971
1213 2269
1213 3852
1214 1289
1214 1886
1214 2052
1214 2452
1215 1470
1215 2999
1215 3318
1216 3198
1217 3874
1218 2065
1218 2370
1218 2845
1218 3958
1219 1686
1219 2051
1220 1377
1220 1573
1220 2469
1220 2862
1220 3422
1221 3431
1221 3690
1222 3099
1222 3676
1223 1626
1223 3535
1224 3703
1224 3919
1224 3945
1225 2432
1225 2482
1226 1522
1226 1688
1226 3054
1227 2029
1227 2563
1227 3170
1227 3832
1228 2254
1228 3804
1228 3829
1229 1994
1229 2243
1229 2287
1229 3165
1230 1463
1230 2247
1230 2882
1230 3501
1230 3926
1231 2159
1231 2223
1231 3169
1232 1466
1232 3853
1233 1999
1233 2242
1233 3031
1234 2670
1234 3750
1235 3679
1235 3710
1236 1447
1236 2005
1237 1275
1238 1449
1238 1571
1238 3407
1239 1445
1239 2405
1239 3478
1239 3674
1239 3957
1239 4021
1240 3011
1241 2541
1241 2676
1241 4135
1242 1410
1242 3105
1242 3558
1243 1461
1243 1649
1243 1875
1243 3278
1244 1299
1244 1367
1244 2383
1244 2849
1245 3137
1246 1290
1246 1410
1246 2638
1247 1751
1247 2691
1247 3877
1247 4007
1248 3078
1248 3390
1248 3820
1250 2810
1250 4012
1250 4097
1251 2474
1252 1771
1252 3183
1252 3290
1252 3625
1252 3863
1253 1723
1253 1819
1253 2067
1253 4012
1254 1672
1254 2523
1254 3773
1255 1649
1256 2784
1256 3442
1257 2128
1258 2428
1258 2532
1258 3738
1258 3893
1258 4035
1259 4121
1261 1841
1261 1891
1261 2618
1261 2856
1261 3813
1262 1855
1263 1348
1263 1444
1264 3375
1265 2652
1266 2681
1267 2400
1267 2742
1267 3028
1267 3609
1267 3952
1268 2834
1269 2279
1269 3124
1269 3895
1270 2010
1270 2613
1271 3084
1272 1394
1272 2404
1272 3041
1273 2141
1274 1481
1274 3840
1274 3936
1275 1781
1275 3591
1276 2357
1276 2873
1278 1433
1278 1789
1278 2138
1278 3699
1278 3989
1279 1840
1279 2423
1279 3647
1281 2345
1281 2885
1281 3159
1282 1696
1283 1915
1283 1970
1283 2090
1283 3283
1284 2263
1284 2438
1285 1656
1285 1731
1285 1916
1286 2199
1286 2366
1286 2398
1286 2560
1286 2892
1287 1646
1287 2183
1287 2300
1287 3275
1287 3551
1288 3799
1289 1738
1289 2035
1289 2682
1289 3067
1290 2270
1290 3166
1290 3823
1291 2439
1291 2678
1292 2136
1292 2611
1292 3280
1293 1854
1293 2769
1293 3605
1293 4077
1294 1366
1294 2609
1294 3759
1295 2753
1295 3604
1296 2043
1296 3196
1297 1814
1297 2397
1297 3197
1297 3711
1297 4080
1298 1660
1298 2086
1298 3110
1298 3940
1299 1564
1299 3753
1300 1665
1300 2796
1300 2838
1300 3858
1301 1900
1302 3159
1302 3232
1302 3397
1302 3490
1303 1575
1303 2263
1303 2494
1303 2898
1303 2930
1303 3184
1304 1732
1304 3224
1304 3722
1304 4084
1305 1606
1305 2246
1305 3515
1306 2665
1306 4118
1307 2348
1307 2397
1307 3396
1308 1638
1308 2643
1308 3209
1309 3881
1310 2537
1310 2798
1312 1469
1312 1918
1312 1996
1312 3445
1312 3576
1313 2090
1313 2578
1314 2016
1314 2865
1315 1976
1315 2434
1315 2907
1316 1517
1316 2361
1316 2807
1316 3363
1316 3426
1317 2855
1318 2284
1319 3334
1319 3384
1320 1901
1320 3305
1320 3675
1320 3760
1321 1684
1321 2017
1321 2685
1321 3734
1322 1452
1322 1525
1322 3836
1323 3820
1325 3907
1326 1799
1326 3183
1327 2242
1327 2898
1327 2999
1327 3343
1328 1630
1328 1754
1328 2413
1328 3564
1329 1851
1329 1991
1329 2294
1329 3646
1330 2841
1330 3543
1331 1383
1331 3965
1332 1500
1332 1653
1332 3037
1333 3236
1333 3400
1333 3904
1334 1732
1334 3218
1334 3463
1335 1689
1335 2624
1335 3268
1335 3468
1335 4062
1336 2353
1336 2982
1336 4030
1337 1786
1337 2112
1337 2577
1337 3792
1337 3817
1337 4109
1338 1802
1338 2225
1338 2371
1339 2361
1340 2441
1340 2850
1340 3150
1340 3197
1340 3367
1340 3744
1340 3839
1340 3955
1341 1388
1341 1628
1341 1681
1341 2582
1341 3822
1342 1732
1342 2942
1342 3622
1342 4002
1343 1815
1343 2804
1344 2304
1344 2531
1344 2933
1345 1643
1345 1951
1345 2219
1345 3904
1346 2728
1346 3136
1346 3673
1347 1843
1347 2236
1347 3070
1348 2410
1348 2636
1348 2943
1348 3129
1349 1467
1349 2532
1349 2948
1349 3550
1350 3830
1351 2556
1351 3512
1352 1658
1352 3988
1353 2180
1353 3124
1353 3736
1353 3754
1353 4039
1355 1629
1355 1731
1355 3683
1356 2807
1356 2840
1356 3061
1356 3208
1357 1403
1357 3656
1357 3795
1358 2122
1358 2350
1358 3114
1358 3215
1359 3706
1360 1414
1360 1515
1360 2768
1361 1697
1362 1547
1362 1905
1363 2648
1363 3164
1364 3238
1364 3295
1364 3863
1364 4108
1366 2063
1366 2213
1366 3700
1367 1385
1367 1858
1367 3224
1368 1697
1368 2131
1368 2396
1369 3264
1369 3406
1370 2033
1370 2113
1370 3369
1370 3382
1370 3555
1371 1671
1371 2669
1371 3383
1371 3457
1371 3501
1371 3847
1372 1885
1372 2197
1372 3233
1372 3346
1373 2064
1373 2896
1373 3313
1374 3070
1374 3656
1374 3694
1375 1798
1375 2190
1375 4034
1375 4074
1376 1529
1376 2128
1376 2186
1376 2455
1376 2775
1377 1755
1378 1880
1378 3025
1378 3235
1378 3302
1378 4131
1379 2097
1379 2221
1379 2525
1379 2559
1379 2860
1379 2879
1379 3170
1380 1508
1380 2149
1381 1658
1381 1982
1382 1699
1382 2353
1382 2415
1382 3957
1383 1942
1384 1444
1384 2598
1384 3919
1385 2304
1385 2813
1385 2890
1386 1445
1386 1630
1386 2631
1386 3090
1386 3766
1387 2140
1387 3595
1387 4043
1388 2543
1389 1680
1390 3608
1391 1931
1391 3484
1391 3557
1391 3698
1392 2189
1392 3232
1392 4105
1395 2366
1396 1415
1396 2065
1396 3349
1396 3495
1397 1886
1397 3663
1397 4115
1398 1489
1398 2249
1398 2821
1398 3188
1399 1890
1399 3745
1399 3860
1400 2529
1400 3240
1400 3393
1400 3697
1401 2589
1401 2676
1402 2572
1402 2952
1402 3972
1403 3870
1403 3879
1404 2418
1404 3454
1405 2002
1405 2454
1406 1737
1406 2298
1406 2867
1406 3267
1406 4020
1407 1482
1407 1677
1407 2769
1407 3016
1407 3160
1408 2115
1408 3325
1409 1524
1409 1795
1409 1865
1409 1994
1409 2376
1409 3925
1410 1744
1410 2011
1410 2388
1410 2461
1410 2832
1411 3241
1412 2980
1412 3036
1413 2014
1413 2899
1413 4012
1413 4149
1414 1473
1414 3237
1414 4042
1415 2583
1415 3980
1416 2919
1416 3141
1416 3196
1416 3631
1417 1571
1417 2794
1418 1773
1418 2210
1418 2434
1418 2975
1419 3526
1420 1617
1420 1997
1420 2636
1420 3610
1420 3776
1421 3640
1421 3806
1422 1743
1422 2215
1422 2707
1423 2173
1424 3009
1424 3384
1425 1604
1425 2388
1425 2660
1426 2859
1426 3841
1427 3523
1428 1828
1429 1705
1429 3986
1430 3415
1431 1697
1431 1988
1431 2728
1433 2563
1433 2781
1433 2864
1433 3390
1433 3911
1434 2907
1435 3197
1435 3665
1436 3971
1437 1652
1437 3795
1438 1544
1438 1588
1439 1775
1439 3502
1440 3405
1440 3584
1442 1453
1442 2446
1442 3923
1443 1725
1443 1928
1443 2309
1444 3277
1445 1538
1445 2519
1446 1822
1447 3693
1447 3695
1448 3797
1449 1637
1449 1664
1449 2282
1449 3236
1449 3350
1449 3484
1449 3902
1449 4005
1450 1623
1450 2235
1450 3557
1451 2977
1451 3549
1452 1565
1452 3699
1453 1871
1453 2347
1453 2463
1453 3497
1454 2143
1454 2580
1454 3161
1454 3191
1454 3620
1454 3645
1455 1653
1455 3220
1455 3679
1455 3798
1455 3984
1456 1895
1456 2392
1456 2969
1456 3217
1457 1818
1457 1900
1457 2037
1457 2165
1457 2203
1457 2279
1457 3528
1458 1459
1458 2151
1458 3311
1458 3979
1459 3639
1460 1520
1460 1556
1460 2322
1461 1891
1461 2294
1461 3140
1461 3749
1462 3488
1463 3622
1464 3332
1464 3584
1465 3211
1465 4053
1466 1600
1466 2258
1466 2410
1466 3790
1467 2787
1468 3081
1468 4076
1469 1833
1469 3624
1470 1763
1470 2114
1470 2507
1472 3694
1472 3900
1472 4085
1473 2277
1473 2301
1473 2645
1473 3521
1473 3700
1474 1998
1474 2248
1474 2282
1474 2638
1474 3022
1474 3215
1474 3406
1474 3649
1474 3695
1475 2143
1475 2390
1475 2846
1476 2649
1476 3098
1477 2107
1477 2488
1478 2253
1479 2274
1479 3527
1479 3598
1479 3818
1480 1884
1480 1887
1481 2832
1481 3090
1481 3924
1482 2578
1482 3958
1483 2691
1484 2036
1484 3084
1484 3485
1485 1669
1485 3037
1485 3310
1485 3584
1486 3601
1487 3459
1489 1682
1489 1808
1489 3173
1490 2786
1490 3407
1490 3870
1491 2390
1491 3280
1492 2648
1492 2667
1492 3044
1493 3130
1493 3678
1494 2540
1494 3915
1495 2497
1495 4012
1496 2078
1496 2879
1496 3075
1497 2427
1497 3276
1497 3951
1498 2734
1498 3454
1498 3460
1499 2432
1499 3851
1500 1949
1500 2432
1500 3430
1501 1745
1501 2363
1501 2770
1502 3435
1504 3081
1504 3089
1505 1597
1505 1662
1505 1775
1505 2980
1505 3960
1506 2653
1508 4139
1509 2074
1509 3836
1509 4040
1510 2575
1510 2689
1510 3129
1510 3357
1510 3653
1510 3802
1511 1810
1511 3868
1511 3919
1512 2323
1512 2955
1512 2967
1512 3219
1513 2863
1513 2921
1513 3045
1513 3543
1514 2261
1514 3464
1514 3759
1516 1870
1516 3966
1517 2669
1518 1736
1518 2416
1519 2491
1519 3413
1520 1768
1520 2119
1521 1924
1521 2570
1521 3447
1521 3479
1521 3796
1522 3494
1522 3652
1522 4018
1522 4019
1523 2781
1523 3947
1525 2292
1525 3376
1526 1986
1526 2103
1526 2123
1526 2146
1527 3034
1527 3074
1527 3551
1528 1887
1528 2121
1528 2652
1528 3755
1529 2348
1529 2920
1529 2982
1529 3415
1530 3322
1530 3333
1530 3395
1531 2424
1531 2574
1531 4040
1532 2380
1532 2789
1533 2168
1533 2376
1533 3210
1533 3339
1533 3408
1534 2600
1534 3197
1534 4007
1535 1580
1536 2806
1536 4117
1536 4134
1537 2743
1537 3018
1537 3173
1537 3317
1537 3589
1537 4033
1538 2094
1538 2234
1538 2871
1539 2610
1539 3271
1539 3388
1540 3224
1540 3499
1540 3597
1541 2528
1541 3917
1541 4156
1542 1943
1542 2349
1542 2485
1542 4084
1543 2724
1543 3811
1544 1825
1544 3049
1544 4099
1545 3614
1546 1818
1546 2271
1546 2902
1546 3020
1546 3164
1547 3016
1547 4069
1548 2208
1550 2147
1551 2259
1551 2458
1551 3231
1551 3947
1552 1860
1552 2411
1553 2279
1553 2676
1553 3333
1553 3657
1553 4033
1554 2192
1554 3364
1554 4027
1555 1669
1555 2373
1555 3667
1556 2719
1556 3407
1556 3481
1557 1910
1557 2304
1557 2449
1557 2927
1558 1671
1558 3507
1559 3289
1560 1925
1560 2596
1560 3633
1560 3879
1561 1741
1561 2455
1561 2639
1561 3767
1561 3921
1562 1825
1562 2128
1562 3898
1562 4052
1563 1802
1563 3137
1563 3406
1563 3975
1564 2436
1564 2758
1564 3664
1565 1621
1565 3355
1566 3482
1567 2337
1567 2437
1568 2686
1568 3778
1569 1746
1569 2863
1569 3811
1570 3174
1570 3299
1571 1882
1571 2706
1571 3736
1571 4156
1572 3143
1572 3938
1573 1651
1573 1732
1573 2185
1573 2481
1573 3966
1574 2257
1574 2427
1575 1887
1575 3677
1575 3755
1576 2258
1576 2441
1576 2718
1577 1692
1577 2438
1577 3067
1578 2440
1580 2384
1580 2633
1580 2796
1580 3361
1581 2714
1581 4008
1582 3117
1583 1833
1583 2533
1583 3123
1583 3129
1584 1863
1584 1944
1584 3579
1584 3968
1584 4063
1585 1783
1585 3708
1586 1791
1587 2269
1587 2448
1587 3110
1587 3841
1588 2112
1588 2611
1588 3482
1588 3872
1589 2647
1589 2757
1590 1660
1590 2305
1590 2823
1591 2746
1592 3391
1593 1606
1593 1977
1593 2056
1593 2416
1594 3044
1594 3211
1594 3434
1595 1613
1595 1646
1595 1738
1595 3082
1596 2188
1596 2716
1597 1717
1597 3229
1597 3661
1598 1943
1599 2349
1599 3142
1600 2674
1601 2572
1601 2788
1601 3131
1601 3810
1601 4107
1603 3157
1603 3188
1603 3472
1605 1695
1605 3819
1606 3675
1606 3886
1607 2590
1607 2751
1607 3770
1607 3859
1608 1681
1608 1838
1608 2518
1608 3743
1608 3878
1609 2495
1609 3775
1611 1684
1611 3608
1611 3621
1612 1786
1612 2907
1613 2190
1613 2503
1613 2537
1613 3950
1614 4028
1615 3946
1616 1743
1616 2321
1618 2008
1618 2289
1618 3522
1618 3644
1618 3718
1618 3734
1619 3681
1620 1924
1620 1937
1620 2307
1620 2599
1620 2703
1620 3178
1620 3705
1621 1888
1622 2331
1623 3561
1623 3928
1625 2577
1625 3957
1625 4024
1626 2242
1626 2407
1626 2909
1626 3044
1628 1693
1628 2383
1629 2183
1629 2382
1629 2874
1629 3130
1630 1698
1630 3087
1630 3181
1632 2545
1632 3244
1633 3886
1633 4062
1634 2856
1635 2196
1635 3864
1635 4087
1636 3323
1636 3328
1636 3687
1637 2550
1637 3960
1637 4047
1638 1767
1638 1908
1638 2486
1638 3736
1638 4013
1639 2205
1639 3679
1639 3708
1639 3869
1640 1682
1640 1794
1640 2163
1640 2931
1641 1810
1641 2228
1641 2885
1642 1778
1642 1839
1642 3423
1642 3774
1643 1728
1643 2504
1643 3215
1643 3677
1643 3695
1644 3343
1645 2518
1646 2658
1646 3171
1647 2682
1647 3163
1647 3565
1648 2179
1648 2661
1648 2961
1648 3065
1648 3918
1649 2095
1649 2489
1649 3105
1650 2474
1650 3324
1650 3675
1651 4022
1653 2834
1654 2962
1654 3132
1654 4020
1655 2186
1655 3187
1656 1689
1656 2969
1656 3348
1657 1860
1658 2133
1658 3249
1659 2338
1659 2457
1659 2922
1659 3528
1660 3280
1660 3326
1660 3846
1661 2632
1662 1697
1662 1964
1663 1870
1663 2221
1663 2449
1663 2940
1665 2088
1665 2742
1666 2115
1666 2448
1667 2838
1667 3613
1668 3626
1668 4140
1669 1738
1669 2145
1669 2861
1669 3542
1670 2479
1671 1821
1671 2031
1671 2331
1671 3235
1671 3906
1672 1769
1672 2664
1672 2896
1672 3154
1672 3764
1672 3788
1673 3598
1673 3997
1674 1959
1674 2244
1674 2415
1674 2926
1675 2434
1675 3801
1676 1774
1677 2087
1677 3913
1678 1878
1678 2101
1678 3821
1679 2010
1679 2739
1679 2746
1680 2450
1681 1766
1682 2803
1684 1966
1684 2298
1684 2451
1684 3173
1684 3679
1685 1767
1685 2542
1685 3420
1686 2615
1686 3778
1686 3875
1687 1714
1687 2260
1687 3136
1688 2077
1688 2457
1689 2345
1689 2470
1690 1706
1690 1786
1690 3757
1690 4089
1691 3375
1691 3808
1691 4051
1692 2136
1692 3951
1692 4050
1694 3716
1694 4125
1695 1770
1695 2581
1695 2666
1695 2693
1696 2889
1696 3262
1696 4083
1697 4065
1698 1979
1698 2109
1699 3364
1700 2801
1700 3306
1700 3402
1700 3686
1701 1718
1701 2028
1701 2198
1701 2906
1701 3524
1701 3953
1702 2008
1702 2409
1702 3894
1703 1835
1703 1872
1704 2205
1704 2535
1704 2592
1704 3490
1705 2960
1705 3258
1705 3804
1705 4007
1706 2224
1706 3615
1707 2187
1707 2406
1707 4053
1707 4097
1708 2964
1708 3832
1709 2059
1709 3460
1709 4045
1710 2931
1710 3338
1710 3967
1711 3713
1711 3965
1712 2418
1712 2496
1712 3371
1712 3497
1713 1822
1713 1898
1713 3898
1713 3956
1715 2498
1715 3117
1716 1780
1716 2308
1717 2408
1718 2037
1718 3077
1718 3814
1719 2194
1719 2993
1719 3138
1719 3315
1719 3376
1719 4102
1720 1945
1720 3451
1721 2447
1721 3722
1721 4137
1722 2497
1722 3083
1723 1742
1723 1766
1723 1901
1723 1975
1724 2276
1725 1747
1725 3077
1726 2008
1726 3743
1726 3830
1727 3001
1727 3114
1728 2478
1729 1976
1729 2125
1729 2132
1729 3724
1730 1734
1730 2715
1730 2738
1730 2878
1730 2898
1730 3021
1730 3504
1730 3764
1731 3267
1732 2160
1732 2732
1732 2758
1732 2796
1732 2820
1732 3911
1732 4002
1733 2145
1733 2484
1733 3240
1735 2282
1735 2982
1735 3140
1735 3267
1736 1810
1736 2241
1736 2985
1737 3732
1738 2405
1739 1915
1739 3552
1740 2309
1740 2772
1741 3004
1741 3323
1741 3449
1741 3798
1742 2536
1744 2955
1745 3739
1746 2549
1746 3770
1747 2697
1747 3798
1748 3247
1749 2559
1749 2914
1749 3248
1749 3360
1749 3528
1749 4104
1750 2191
1750 3355
1750 3641
1751 2317
1751 2785
1751 3136
1751 3375
1751 3895
1752 1999
1752 2164
1752 2197
1753 2570
1754 2661
1755 2918
1755 3759
1755 3877
1755 4039
1756 2075
1756 2161
1756 4041
1757 1782
1757 2031
1757 2905
1757 3512
1757 3576
1758 2308
1758 2526
1758 3111
1758 3658
1759 1823
1759 1851
1759 2230
1759 2892
1760 3427
1760 3456
1760 4069
1761 3670
1761 3844
1762 2048
1762 2727
1762 3151
1762 3818
1763 2090
1764 1824
1764 2007
1764 2479
1764 2485
1764 2548
1764 2850
1765 3599
1765 4147
1766 3793
1767 2356
1768 2151
1768 2718
1769 2736
1769 3049
1769 3596
1770 2341
1770 3430
1771 1975
1771 2252
1771 3381
1771 3547
1771 3681
1772 3416
1773 2010
1773 2687
1773 3130
1774 1873
1774 2510
1775 1958
1777 3534
1777 3606
1777 3905
1778 1803
1778 3931
1779 2493
1779 3052
1779 3816
1779 3874
1780 2511
1781 2168
1782 1867
1782 2216
1782 2396
1782 3343
1782 3649
1782 4016
1784 3082
1784 3450
1786 2312
1786 2420
1786 2577
1786 3598
1786 3778
1786 3973
1787 3407
1788 2833
1789 2176
1789 2356
1790 2440
1790 4059
1791 2049
1791 2109
1791 2200
1791 3089
1793 4039
1794 1944
1794 2002
1794 3763
1795 2212
1795 2725
1796 2465
1796 2925
1797 2636
1797 2696
1797 3189
1799 2515
1799 2865
1800 4021
1802 3025
1802 3758
1803 1887
1803 2209
1803 3607
1803 4008
1804 1923
1804 2719
1804 4153
1805 2637
1805 3160
1806 3844
1807 2686
1807 3038
1807 4149
1808 2025
1808 3624
1808 3743
1808 3840
1809 3249
1809 3378
1809 3948
1809 4052
1811 3401
1812 2493
1813 2252
1814 2001
1814 2291
1814 2771
1814 3118
1816 3451
1816 4120
1817 2007
1817 2136
1817 3267
1817 3700
1817 4147
1818 1960
1818 3916
1819 3417
1822 2062
1823 1924
1824 2655
1824 3646
1825 2498
1825 2543
1827 2902
1827 3636
1828 2741
1828 2764
1828 4032
1828 4035
1829 2367
1829 3266
1829 3288
1830 2525
1832 2008
1833 2955
1833 3393
1834 3159
1834 4112
1835 2355
1836 3851
1837 1886
1837 1898
1837 2725
1838 2875
1839 2767
1839 3535
1840 3709
1841 1935
1841 2310
1841 3546
1842 2043
1842 2198
1842 2512
1842 2842
1842 2937
1842 3415
1844 1946
1844 2041
1844 2221
1844 2947
1844 3255
1845 3020
1846 2865
1846 3351
1846 3610
1846 3808
1847 3549
1848 2883
1848 3236
1849 2115
1849 3112
1849 3170
1849 3853
1850 1996
1850 3383
1850 4107
1851 2512
1851 2628
1851 3743
1851 3848
1851 3850
1852 2344
1852 3064
1852 3142
1852 3254
1853 2252
1853 3046
1854 1968
1854 2099
1854 2387
1855 1998
1855 4050
1856 3538
1857 3453
1858 2187
1858 3929
1860 3797
1861 3393
1862 2102
1862 2194
1862 3837
1862 4113
1863 2112
1863 3806
1864 2307
1864 3572
1864 3822
1865 2629
1865 3674
1866 2286
1866 2554
1867 2719
1867 3990
1868 2654
1868 3035
1868 3572
1869 2555
1869 2930
1870 2893
1870 3215
1870 3233
1871 3376
1871 3483
1871 3503
1871 3793
1872 3154
1872 3555
1872 3880
1873 3179
1873 4128
1874 2976
1875 2361
1875 2486
1876 3613
1876 3710
1876 4041
1877 2295
1877 2834
1878 4016
1879 2151
1879 2298
1879 2592
1879 3426
1881 2244
1881 3289
1881 3623
1881 3917
1882 2073
1882 2385
1882 2483
1882 3073
1882 3504
1884 2402
1884 3850
1884 3860
1885 3412
1887 2609
1887 3410
1887 3650
1887 3972
1888 2024
1888 2401
1888 3202
1888 3879
1889 2250
1889 3885
1890 2101
1890 2780
1890 3476
1891 3838
1891 4106
1892 2255
1892 3130
1893 2100
1893 4086
1893 4148
1894 2082
1894 2118
1896 3547
1897 2741
1897 3968
1898 2322
1898 3336
1899 3785
1900 2310
1901 2588
1901 3360
1901 3836
1903 2013
1903 3554
1904 2608
1904 3648
1904 4096
1905 2460
1905 2803
1905 3074
1905 3905
1905 4147
1906 2041
1906 2137
1906 2669
1906 3062
1907 2249
1907 2563
1907 2903
1908 2655
1908 2827
1908 3024
1908 3593
1909 1980
1909 3452
1909 3751
1909 3789
1910 2264
1910 2554
1910 2852
1910 3772
1911 2100
1911 2445
1911 3382
1915 2373
1915 3777
1916 3302
1917 2163
1917 2600
1918 2853
1918 3608
1919 2361
1919 2457
1919 2727
1920 1996
1920 2036
1920 2271
1920 2697
1920 3252
1921 3311
1923 2087
1923 2426
1923 3354
1924 2685
1924 3107
1925 3118
1926 3060
1926 3458
1927 2527
1927 3853
1928 2307
1928 2479
1928 2705
1929 2101
1929 2420
1929 2555
1929 3561
1930 2166
1930 3774
1931 2560
1931 2633
1931 3000
1931 3132
1932 2517
1932 2605
1932 3342
1932 3655
1933 2459
1933 2934
1935 2080
1935 3262
1935 4125
1936 1943
1936 2029
1936 2246
1936 3932
1937 1938
1937 1941
1937 2470
1937 4088
1938 2497
1938 3615
1938 3744
1939 2058
1939 4132
1940 2149
1940 3759
1940 3830
1941 3269
1942 1979
1942 2773
1943 1980
1943 2181
1943 2708
1946 2367
1946 2421
1946 3398
1946 3707
1947 2408
1947 2591
1948 2178
1948 3353
1949 2250
1949 2762
1949 2831
1950 2851
1950 3885
1951 2984
1951 4090
1951 4116
1952 2132
1952 2849
1953 3105
1953 4108
1954 2288
1954 2394
1955 2678
1955 3751
1955 3816
1955 3896
1956 1971
1957 2469
1957 2705
1957 3101
1959 4127
1960 2329
1960 2873
1961 2838
1961 3159
1961 3572
1962 2491
1962 2919
1963 2465
1963 2492
1963 2760
1964 2985
1964 3207
1964 3754
1965 2708
1965 3027
1965 3416
1965 3668
1966 2301
1966 2975
1966 3228
1966 3271
1967 2499
1967 2869
1967 3567
1967 3906
1967 4005
1968 2090
1968 3551
1969 2582
1969 3156
1970 2434
1970 2532
1970 3041
1970 3065
1970 3937
1971 3494
1971 3601
1973 2284
1973 3009
1973 3582
1974 3539
1974 4128
1976 2300
1976 2504
1976 3029
1976 3412
1976 3988
1977 3462
1977 4122
1978 2233
1978 3320
1979 2215
1979 2735
1979 2811
1979 3209
1980 2845
1980 3755
1980 3958
1980 4141
1981 3570
1982 2384
1982 2640
1982 2984
1982 3313
1983 3031
1983 3305
1984 3667
1985 2083
1986 3441
1987 2521
1987 2861
1987 3107
1987 3374
1987 3532
1987 3774
1988 3582
1989 2309
1989 2358
1989 2527
1990 2535
1990 2597
1990 2731
1990 3223
1992 2167
1992 4121
1994 3757
1995 2256
1995 2871
1995 2965
1996 2728
1996 2960
1996 3240
1996 3822
1998 3827
1999 2415
1999 2905
1999 3489
2001 2379
2001 2619
2001 4049
2002 4048
2003 4076
2004 3270
2005 2265
2005 2273
2005 2656
2006 3082
2006 3350
2006 3980
2007 3631
2008 3549
2009 2327
2009 2921
2010 2564
2010 2632
2010 2932
2010 3664
2011 2609
2012 2451
2012 2970
2012 3413
2013 2465
2013 3297
2014 2060
2014 2075
2014 3334
2015 3235
2016 3928
2017 3166
2018 3818
2019 4106
2020 3147
2020 3765
2021 2501
2021 2848
2021 3462
2022 2655
2022 2809
2023 3812
2024 2448
2024 3739
2025 2136
2025 2167
2025 2369
2026 4030
2027 2225
2027 2747
2028 3375
2028 3990
2028 4099
2029 2035
2029 2917
2030 2318
2030 3525
2031 2162
2031 2934
2031 4142
2032 2125
2032 3371
2032 3922
2032 4000
2033 3265
2033 3709
2034 2646
2034 2662
2034 3205
2035 2513
2035 3753
2036 2221
2036 3881
2036 3993
2037 2791
2037 3059
2038 3705
2039 3508
2040 3294
2043 2987
2043 3264
2043 3298
2043 3363
2044 4033
2045 3973
2046 2417
2046 3014
2047 3662
2049 2232
2049 2350
2049 2631
2049 3129
2050 2736
2050 2884
2050 4046
2051 3298
2051 3761
2051 3828
2052 2550
2052 2553
2052 2572
2052 2804
2052 2977
2053 2316
2053 2571
2054 2698
2054 2927
2055 3360
2056 2268
2056 2454
2056 2870
2057 3343
2058 2602
2060 2310
2060 3589
2060 3752
2061 2746
2062 2308
2063 4119
2064 2585
2064 3068
2064 3268
2064 3548
2065 3840
2066 2358
2066 2424
2066 3221
2068 2979
2068 3532
2068 3836
2069 2071
2069 2399
2069 4121
2070 2834
2071 2776
2071 3275
2071 3660
2072 2383
2072 3087
2073 2327
2075 3154
2075 3512
2075 4067
2076 3846
2077 3880
2078 2415
2078 2579
2078 3319
2078 3589
2078 3712
2078 3718
2079 2153
2079 3142
2079 3948
2079 4009
2080 2151
2081 3351
2082 2535
2082 2747
2082 2888
2083 3178
2084 2330
2084 2760
2084 3509
2084 3687
2085 2107
2085 3016
2085 3217
2085 3618
2086 2942
2086 3342
2086 3542
2086 3607
2087 3983
2088 3324
2088 3571
2088 3686
2088 4123
2090 3370
2090 3762
2091 2506
2092 3030
2093 2211
2093 3350
2093 3493
2093 3521
2094 2480
2094 2793
2095 3027
2095 3069
2096 2604
2096 2637
2096 3598
2096 4154
2097 2121
2097 2920
2098 3727
2099 2200
2099 2245
2099 3427
2101 2469
2101 2776
2101 3045
2101 3623
2101 4053
2102 3307
2103 2252
2103 2254
2103 2380
2103 2755
2103 2777
2103 3895
2103 3898
2104 3402
2105 2951
2105 3006
2105 3117
2105 3473
2105 3895
2106 2479
2106 2592
2106 2875
2106 3140
2107 2200
2107 2421
2107 2984
2107 3258
2107 3989
2108 2769
2108 2849
2108 3390
2109 2837
2109 2867
2109 3479
2110 3384
2110 3848
2110 3865
2110 4126
2111 2515
2111 2808
2112 2163
2112 2178
2112 3925
2113 2562
2113 2653
2113 2717
2113 3200
2113 3470
2113 3489
2114 3102
2114 3635
2115 4129
2116 2771
2116 3358
2116 3551
2116 3894
2116 3963
2117 3782
2119 2532
2119 3541
2119 3573
2120 2659
2122 2324
2122 2469
2123 2482
2123 3627
2124 2673
2124 2962
2124 3004
2124 3393
2124 3584
2124 3631
2125 3116
2125 3915
2125 4143
2126 2702
2126 3319
2126 3736
2127 3553
2127 4119
2128 2355
2128 2781
2128 2792
2128 3526
2129 2821
2130 2653
2130 3027
2130 3040
2130 3837
2130 3913
2130 4104
2131 2354
2131 2473
2131 2678
2131 2844
2131 2994
2132 2201
2132 3438
2133 3361
2133 3489
2134 2178
2135 2599
2135 3428
2135 3547
2135 4031
2136 2513
2136 3672
2138 2580
2138 2750
2138 2950
2138 3187
2138 3513
2138 3594
2138 3614
2139 2847
2139 3044
2142 2217
2142 2648
2142 3965
2143 2957
2143 4006
2145 3194
2146 2307
2147 2306
2147 4082
2149 2393
2149 2555
2149 2938
2150 2260
2150 3820
2151 3220
2152 2349
2152 2424
2152 2577
2152 3513
2152 3770
2153 2527
2153 2734
2155 2277
2155 2620
2155 3205
2155 3726
2155 3924
2156 2944
2156 3692
2156 3944
2157 2702
2157 3219
2157 3378
2158 4064
2158 4093
2159 2272
2159 2505
2159 3004
2159 3198
2159 3230
2159 3735
2159 3970
2160 2185
2160 3200
2160 4034
2160 4090
2161 2177
2161 2295
2161 3376
2161 3378
2162 2259
2162 2654
2162 2995
2163 2908
2163 3018
2163 3629
2163 4115
2164 4033
2165 2593
2165 2822
2167 2643
2167 3239
2168 3465
2168 3581
2170 2634
2170 4097
2171 2343
2171 2518
2171 3342
2171 3887
2172 3746
2172 3900
2173 2251
2175 3596
2175 3603
2175 4002
2176 2815
2176 3520
2176 3682
2177 3565
2177 3698
2177 3916
2178 3376
2178 3929
2178 3936
2179 2683
2179 2856
2179 3281
2179 3668
2180 3059
2180 3355
2181 2340
2181 2783
2181 2906
2181 2963
2182 2461
2183 2272
2183 3345
2184 2510
2184 2850
2184 2894
2184 3880
2185 2769
2185 3012
2186 2298
2186 2327
2186 2488
2186 2532
2186 2908
2186 2996
2187 3613
2189 2336
2191 3807
2191 3953
2192 3970
2194 3598
2194 3665
2196 3194
2197 2618
2199 2287
2199 3202
2200 2446
2200 3127
2201 2470
2202 2565
2202 2859
2202 2904
2202 2911
2202 3956
2203 3169
2204 2577
2204 3270
2204 3805
2206 2356
2206 2670
2206 2820
2206 3556
2207 3167
2208 2411
2208 3447
2209 2331
2209 2533
2209 3532
2209 3709
2210 3054
2210 3931
2211 2916
2211 3195
2211 3470
2213 2728
2213 3307
2215 3459
2216 4008
2217 2798
2217 3048
2217 4002
2218 2609
2219 2376
2219 3524
2220 2230
2220 2303
2220 3292
2220 3425
2221 4023
2221 4140
2222 3931
2223 2430
2223 2787
2223 2849
2223 3331
2224 3310
2226 2715
2226 2723
2226 3394
2227 2444
2227 2568
2227 3777
2227 3794
2228 3603
2229 2295
2229 3414
2229 3477
2229 4112
2230 2332
2230 2346
2232 3482
2232 3943
2233 2991
2233 3212
2234 2341
2234 3259
2234 3712
2234 3827
2235 2772
2235 3550
2235 4051
2236 2240
2236 2699
2236 2702
2236 3996
2237 2385
2237 3575
2239 2367
2239 3547
2240 2267
2241 3342
2241 3666
2242 2643
2242 2867
2243 2424
2243 3580
2244 2308
2245 2729
2246 2953
2246 3686
2247 2441
2247 2458
2247 3370
2249 3225
2249 3271
2249 3783
2250 3431
2251 3935
2252 2847
2252 3369
2254 2539
2255 2654
2255 3219
2256 3773
2257 3153
2257 3339
2259 3833
2260 2625
2260 3687
2260 3745
2260 3747
2261 2826
2261 3967
2262 3417
2264 3201
2264 3419
2265 3600
2266 3189
2266 3487
2266 3923
2267 2292
2267 3087
2267 3208
2267 3275
2268 2932
2268 3663
2270 3644
2270 4026
2271 2359
2271 2668
2271 4125
2272 2482
2272 3420
2273 3361
2273 4019
2274 2513
2277 3372
2277 3533
2278 2541
2278 2897
2278 3904
2280 3361
2281 3155
2281 3196
2282 4019
2283 3755
2285 3547
2285 3986
2286 2839
2286 3850
2287 2473
2288 2340
2288 3235
2289 2290
2289 2460
2289 3939
2291 2504
2291 3299
2292 2722
2292 3156
2292 3688
2292 3734
2292 4029
2292 4106
2294 3243
2295 3683
2296 3708
2297 2850
2298 2394
2298 2823
2298 3510
2298 3828
2299 2426
2299 2597
2299 3165
2299 3598
2300 2696
2301 2437
2301 2699
2301 3092
2301 3840
2302 3256
2302 3548
2302 4021
2303 2647
2303 4057
2304 2396
2306 3095
2306 3382
2307 2448
2308 2464
2308 3296
2308 3386
2309 3813
2310 2353
2310 3500
2310 3774
2311 2677
2312 2829
2313 2317
2313 2699
2313 3443
2314 3211
2315 2629
2315 4129
2317 2544
2318 2415
2318 4104
2319 3067
2320 3526
2320 3621
2320 4017
2321 2904
2322 2352
2322 2843
2323 2422
2324 3249
2325 2372
2326 3159
2327 2400
2327 3899
2328 2356
2328 3961
2329 3301
2330 3543
2330 3577
2330 3770
2331 2755
2331 3632
2332 2487
2332 2761
2332 3277
2334 3087
2335 2818
2335 3859
2335 4110
2336 3339
2339 2765
2339 3563
2340 3780
2341 2476
2341 3643
2341 3969
2342 2852
2342 3520
2343 3026
2344 2628
2345 2660
2345 3870
2346 2652
2346 3971
2347 2713
2347 2774
2347 4102
2348 2633
2348 3861
2350 3374
2351 2547
2351 3137
2352 2706
2353 2516
2353 2688
2353 3063
2353 3073
2353 3839
2353 3950
2354 2417
2354 3880
2355 2382
2355 2774
2356 3925
2357 3866
2358 2682
2358 3545
2358 3782
2358 3907
2358 4096
2360 3773
2360 3872
2361 2752
2361 3194
2361 3647
2361 3929
2363 2941
2364 2703
2365 2967
2365 3151
2365 3179
2365 3888
2366 2585
2366 3124
2367 4079
2369 2383
2369 3462
2370 2925
2370 2962
2370 3397
2371 2676
2371 3026
2371 3055
2371 3465
2372 3380
2373 4114
2374 2688
2374 2804
2374 2854
2374 2945
2374 3222
2375 4029
2375 4070
2375 4139
2377 3347
2378 2612
2380 2620
2380 3800
2381 3668
2382 2498
2382 3010
2382 3050
2382 3518
2383 2430
2383 2657
2383 2698
2384 2732
2385 2458
2385 2850
2386 3055
2386 3228
2386 3564
2387 2422
2387 3232
2388 2675
2388 3102
2388 3495
2389 3848
2390 4146
2391 3842
2391 3950
2392 2929
2392 4016
2393 2823
2393 3431
2394 4129
2395 3394
2396 2706
2396 2857
2398 3597
2399 2436
2399 2656
2399 2732
2399 2804
2399 3753
2400 2964
2400 3893
2402 3336
2403 3085
2405 2674
2405 2734
2405 3013
2405 3195
2405 3408
2405 3672
2406 2750
2406 3445
2407 2901
2407 3884
2408 3903
2409 3730
2411 3780
2412 3066
2412 3228
2412 3770
2412 4142
2413 2878
2413 3023
2414 2812
2415 2422
2415 3884
2416 3404
2417 3093
2418 2476
2418 3891
2419 3235
2419 3322
2419 3474
2421 3781
2422 2654
2423 3852
2424 4079
2425 3989
2426 3638
2427 2476
2427 2925
2427 3150
2427 3600
2427 3990
2428 3074
2429 2572
2429 4126
2430 2755
2430 3114
2430 3307
2430 4072
2431 4085
2434 3631
2436 3579
2437 2511
2438 2863
2438 4022
2439 4043
2440 3523
2441 3123
2442 3076
2442 3791
2443 2952
2443 3052
2443 3823
2443 4064
2445 3118
2445 4009
2446 3117
2446 3560
2447 2692
2448 2660
2450 2678
2450 2727
2450 3212
2450 3313
2451 3664
2454 2641
2454 4067
2456 3190
2456 3902
2457 2603
2457 3403
2457 3517
2458 3316
2458 3400
2458 3905
2459 2761
2459 3681
2459 4017
2460 2776
2460 3514
2461 3175
2461 3533
2462 3077
2462 3806
2462 3934
2463 3174
2463 3326
2464 2643
2464 3839
2465 4086
2466 2716
2466 2773
2466 3400
2468 2526
2468 3184
2468 3566
2469 3822
2469 3946
2469 4084
2469 4143
2471 3284
2471 3580
2471 3710
2471 3858
2472 4096
2473 3002
2474 3900
2475 3342
2476 2584
2476 3318
2476 3690
2477 2687
2477 2691
2478 2846
2478 2870
2479 2926
2480 2816
2480 2824
2480 3084
2481 2832
2482 3335
2483 3127
2483 3145
2483 3836
2484 2613
2484 3022
2486 3928
2489 3274
2489 3624
2489 3899
2490 2669
2490 3869
2491 3295
2491 3912
2492 3212
2493 2846
2493 3003
2493 3651
2493 4106
2494 3387
2495 3965
2496 2720
2496 2847
2496 3736
2497 2697
2497 3874
2498 2889
2500 2922
2500 3222
2501 3061
2501 3470
2501 3502
2501 3629
2502 2787
2503 3519
2505 2614
2505 2700
2505 3796
2505 4086
2507 2712
2508 2522
2508 3306
2511 2519
2511 2861
2511 3092
2511 3141
2511 3165
2513 4142
2514 2596
2514 3691
2514 4064
2515 2653
2516 3242
2518 2585
2518 2982
2518 3110
2521 2653
2521 4092
2522 2873
2522 2921
2522 2951
2522 3055
2522 3883
2523 4083
2524 3472
2524 4131
2525 3287
2526 3002
2526 3392
2526 3713
2526 4091
2527 2858
2527 2895
2527 3174
2529 3137
2529 3909
2529 3995
2530 3611
2532 3344
2532 3907
2532 3909
2533 3087
2534 2655
2534 2813
2534 3776
2535 2885
2535 3581
2536 3069
2536 3617
2537 3168
2537 3177
2537 3425
2538 2556
2538 3160
2538 3947
2539 2927
2540 3843
2541 2845
2541 3630
2542 4065
2543 2548
2543 2983
2544 2933
2544 3009
2545 2821
2545 2860
2545 3335
2546 2952
2548 3760
2549 3484
2549 3854
2551 2652
2551 3081
2551 4121
2552 2785
2552 3259
2554 2917
2555 2982
2558 3228
2560 3019
2560 3523
2560 4124
2561 3121
2561 3725
2563 3845
2564 3648
2565 3497
2566 2899
2566 3269
2567 3067
2567 3766
2569 3859
2569 3958
2570 2596
2570 2701
2570 3192
2571 2750
2571 2863
2571 3060
2571 3279
2571 4114
2572 3521
2573 3091
2573 3616
2573 4022
2574 3221
2574 3946
2575 3578
2576 3430
2577 3192
2577 3866
2578 3146
2579 2603
2579 3750
2581 2921
2581 3718
2581 3781
2583 3755
2584 2663
2586 3474
2586 3606
2586 3761
2586 3852
2587 2832
2587 3920
2588 2609
2588 3797
2589 3081
2590 2709
2590 3415
2591 3125
2591 4023
2592 3235
2592 4113
2593 3130
2593 3658
2593 3748
2594 2638
2595 3514
2597 2814
2597 3033
2597 3811
2598 2691
2598 3425
2600 2711
2600 3067
2600 3084
2601 3198
2601 3484
2604 2683
2604 3075
2605 3403
2606 3469
2607 3586
2608 3243
2608 3697
2609 2661
2609 4077
2610 3004
2610 3900
2611 3532
2613 3789
2614 3503
2614 3997
2614 4064
2614 4066
2615 3754
2616 2736
2616 3874
2616 4034
2618 3343
2618 3692
2618 3714
2618 4061
2619 3480
2621 3384
2622 2878
2622 2904
2623 3355
2624 2683
2624 2756
2624 4132
2625 3746
2626 3831
2627 3178
2627 3629
2627 4121
2628 2818
2628 3205
2628 3356
2629 3813
2630 3174
2631 2831
2632 2733
2632 4094
2633 3578
2634 3308
2634 3943
2634 3986
2636 2905
2636 3358
2637 2688
2637 3602
2637 3639
2637 4150
2638 4046
2639 3898
2640 2915
2640 3018
2640 3162
2640 3932
2642 3201
2643 2662
2643 3663
2643 3782
2643 3907
2643 4070
2644 2820
2646 4041
2648 3074
2649 3655
2651 3158
2651 3973
2652 3904
2653 3724
2655 3520
2655 4138
2655 4149
2657 3407
2658 3921
2660 2749
2661 2789
2661 2859
2661 3463
2662 3550
2662 3706
2663 3930
2664 2705
2664 3546
2666 2834
2666 3046
2666 3630
2666 3726
2666 3804
2667 3003
2667 3415
2668 3654
2669 2988
2671 4119
2672 2833
2672 2846
2673 2928
2673 3992
2674 2831
2674 3990
2675 3135
2676 3112
2676 3913
2679 4120
2680 2729
2680 3374
2680 3619
2680 3822
2681 3600
2683 2868
2683 3603
2685 3284
2685 3698
2685 3847
2687 3138
2687 4089
2688 2847
2688 3390
2688 3392
2688 3783
2689 2794
2689 2879
2690 3685
2692 2720
2694 3070
2695 2696
2695 2985
2695 3446
2696 3545
2696 3886
2696 4073
2697 2855
2697 2937
2697 4031
2698 3168
2699 3965
2701 2733
2701 2905
2701 3404
2702 2749
2702 3923
2702 4067
2703 3000
2703 3984
2704 3305
2705 3819
2705 4009
2707 3470
2708 3368
2708 3419
2708 4078
2709 3584
2710 2751
2710 3735
2711 3286
2712 2889
2712 3724
2712 3818
2713 2844
2713 3720
2713 3823
2714 2956
2714 3342
2715 3390
2715 3993
2716 3223
2716 3426
2716 4099
2717 3826
2719 3411
2719 4041
2720 3256
2721 2932
2722 3074
2724 2845
2724 3836
2725 3657
2725 3706
2725 4139
2726 3855
2727 3078
2727 3107
2727 3975
2727 4050
2729 2858
2730 2994
2730 3027
2730 3961
2730 4036
2732 3019
2735 2878
2735 4047
2736 2773
2736 3582
2737 2742
2737 4077
2738 3842
2739 3722
2740 3327
2740 3461
2742 3229
2742 3392
2742 3852
2743 2811
2743 2901
2744 3500
2746 3872
2747 2909
2747 2939
2747 3886
2747 4093
2747 4154
2748 2892
2749 4121
2750 3587
2751 3742
2753 3931
2754 3993
2755 3879
2756 2992
2756 3746
2756 3806
2757 3546
2757 3902
2758 3324
2759 3494
2759 4124
2760 2960
2760 3422
2765 2937
2765 3367
2765 3623
2766 2782
2766 3472
2767 2944
2768 3306
2768 3414
2769 4105
2770 4048
2771 3116
2772 3263
2772 3629
2773 3820
2774 3061
2774 4038
2775 3502
2776 3232
2777 2862
2777 3511
2778 2884
2778 3439
2778 3455
2778 4069
2779 2930
2779 3632
2780 3362
2780 4110
2781 3988
2781 4145
2783 2864
2783 3859
2784 2952
2784 3618
2787 3764
2788 3003
2788 3773
2788 4079
2789 3079
2789 3643
2790 3442
2791 3967
2792 2895
2793 2870
2793 3817
2794 2922
2795 2946
2795 3218
2795 4075
2797 3136
2798 3444
2798 4150
2799 4052
2800 3175
2800 3824
2800 3980
2801 2880
2801 3061
2802 3110
2802 3291
2802 3744
2802 4000
2802 4020
2804 3235
2805 3250
2806 2950
2806 3302
2807 3424
2809 3906
2810 3614
2810 4111
2811 3236
2811 4130
2813 3716
2814 3628
2814 3655
2814 3678
2815 3167
2816 3213
2816 3464
2816 4104
2817 3045
2818 2850
2818 3307
2818 3916
2818 4031
2819 3163
2819 3890
2820 3968
2822 3617
2822 3778
2823 3137
2823 3197
2825 3358
2825 3444
2825 3498
2825 3967
2826 3918
2827 2857
2827 3716
2828 2830
2828 3777
2828 3835
2828 3851
2829 3035
2830 3053
2830 3541
2831 3213
2831 4101
2832 4040
2833 3575
2834 2971
2835 2861
2835 3772
2836 4115
2837 3256
2838 3208
2838 3323
2839 2892
2840 3098
2841 3025
2843 3354
2843 3468
2845 3208
2846 2936
2846 4011
2848 2877
2848 3855
2849 3286
2849 3326
2849 3731
2849 4096
2851 3383
2852 3529
2852 3550
2852 3981
2852 4096
2853 3319
2855 3795
2856 3728
2856 3746
2857 2968
2857 3075
2858 3349
2860 3460
2861 2982
2861 3173
2862 2952
2863 2886
2864 2978
2864 3582
2865 3078
2865 3195
2865 3250
2867 3395
2867 3843
2867 4081
2868 3137
2868 3292
2868 3330
2870 3560
2870 3816
2871 3198
2871 3863
2872 3293
2876 3151
2876 3233
2876 3866
2877 3043
2878 3699
2879 3033
2879 3497
2879 3598
2879 3676
2879 3994
2880 3155
2881 3253
2882 3919
2883 2961
2883 3448
2883 3458
2883 4017
2887 3138
2887 3157
2887 3857
2888 3432
2889 4050
2892 4023
2893 3583
2893 4093
2894 2973
2894 3225
2895 2897
2895 3266
2896 4069
2897 2946
2897 3981
2898 3208
2899 3192
2899 3507
2899 3926
2900 3674
2900 3880
2901 3095
2902 2961
2903 3395
2903 3627
2905 4084
2906 3717
2907 4133
2908 3473
2909 3895
2910 3271
2910 4098
2911 3847
2911 3862
2911 3928
2912 3226
2913 4106
2916 3488
2917 3665
2918 3996
2918 4133
2919 3176
2920 3043
2920 3156
2923 3287
2923 3462
2925 4085
2926 3275
2927 3534
2928 3805
2928 3885
2928 3967
2930 3485
2931 3241
2932 3259
2932 3867
2934 3332
2934 3600
2935 3560
2936 3765
2938 3316
2938 4145
2939 3137
2939 3997
2942 2966
2942 4132
2943 3922
2944 3222
2946 3116
2946 3481
2947 3597
2948 3538
2950 3019
2950 3155
2951 3162
2952 3251
2952 3334
2954 3035
2954 3228
2954 3397
2955 3384
2955 4135
2957 3273
2958 3436
2958 3735
2959 4115
2960 3290
2960 3794
2963 3027
2964 3053
2965 3539
2965 3971
2967 3386
2968 3466
2968 3662
2969 3242
2969 3707
2969 3785
2970 3009
2970 3652
2971 3247
2971 3438
2971 4030
2972 3097
2972 3265
2973 3733
2974 3098
2974 3209
2974 3281
2974 3483
2974 3754
2975 4119
2976 3068
2976 3252
2976 3892
2978 3201
2978 3418
2978 3717
2979 3303
2979 3640
2980 2998
2980 3776
2987 3625
2988 4067
2989 3428
2989 3933
2989 4002
2990 3919
2990 3927
2990 4020
2992 4144
2993 3421
2993 3649
2994 3475
2994 4065
2995 3095
2998 4101
3000 3180
3001 3689
3002 3677
3002 3934
3004 3066
3004 3331
3004 3418
3004 3474
3004 4044
3005 3183
3005 3299
3005 3683
3007 3068
3007 3903
3008 4001
3008 4077
3009 3662
3010 3091
3010 4098
3011 3076
3011 3356
3011 3537
3011 3814
3012 3192
3012 3744
3013 3390
3013 3546
3014 3600
3016 3380
3017 3756
3018 3232
3018 3845
3021 3157
3021 3203
3021 3577
3023 3699
3024 3106
3024 3899
3025 3254
3025 3483
3028 3058
3030 3481
3030 3760
3031 3321
3031 3675
3031 3703
3032 3287
3032 3984
3033 3271
3033 3330
3035 4120
3036 4049
3038 3152
3038 3530
3040 3771
3041 3924
3042 3110
3042 4053
3044 3750
3044 3893
3045 3649
3045 3837
3046 3414
3046 4085
3047 3266
3047 3354
3047 4156
3048 3267
3049 3217
3050 4001
3050 4134
3051 3801
3052 3077
3052 3202
3053 3983
3055 3352
3056 4010
3057 3493
3057 3826
3057 3861
3057 4002
3060 3265
3060 4104
3061 3454
3065 3757
3066 3211
3066 3812
3067 3443
3067 3497
3067 3716
3067 4046
3068 3936
3069 3184
3070 3298
3071 3658
3071 3993
3072 3250
3072 3476
3074 3639
3074 3921
3075 4074
3076 3342
3076 4002
3077 4069
3079 3605
3081 3618
3083 3152
3084 3958
3085 3267
3085 3281
3085 3820
3088 3215
3088 3378
3088 3708
3089 3933
3090 4071
3091 4106
3092 3738
3092 3955
3094 4029
3095 3439
3095 3986
3095 4128
3097 4051
3098 3844
3099 3225
3100 3267
3100 3397
3101 3115
3101 3153
3101 3679
3102 3943
3103 3368
3104 3712
3106 3323
3107 3881
3109 3556
3109 3955
3110 4116
3111 3427
3112 3772
3113 3163
3113 3597
3113 3880
3114 3264
3114 3359
3115 3762
3115 3942
3116 3289
3116 3924
3117 3806
3117 4083
3118 3550
3118 3597
3118 4153
3123 4129
3127 4012
3130 3538
3130 3739
3132 3796
3133 3257
3133 3286
3133 3885
3136 3261
3137 3322
3137 3789
3138 3456
3138 3620
3139 3161
3140 3643
3140 4103
3142 3719
3143 3527
3143 3634
3145 3496
3145 3577
3145 3677
3146 3318
3147 3591
3147 3959
3147 4047
3149 3277
3151 3276
3153 3377
3154 3946
3156 4055
3159 3486
3159 3504
3159 3769
3160 3344
3160 3746
3161 3851
3163 3819
3165 3302
3167 4086
3168 3947
3168 4144
3170 3827
3171 3253
3171 3642
3172 3559
3172 3832
3174 3234
3174 3528
3174 3986
3175 3556
3175 3943
3176 3390
3176 3745
3177 3915
3178 3370
3179 3403
3179 4149
3182 3560
3182 4046
3183 3433
3185 3902
3188 3299
3189 3845
3189 3921
3191 3293
3192 3249
3193 3208
3193 3745
3193 4100
3194 3380
3196 3370
3196 3543
3199 3381
3200 3360
3200 3960
3201 3446
3202 3243
3204 3209
3205 3412
3206 3490
3207 3776
3208 4067
3210 3347
3210 3468
3210 3589
3210 4063
3211 3324
3211 3643
3212 3629
3212 3950
3212 4066
3214 4115
3215 3869
3216 3729
3217 4078
3217 4105
3219 3924
3223 4081
3225 3659
3225 4138
3227 3418
3227 3468
3227 3936
3229 3356
3230 3598
3232 3577
3233 3798
3234 4036
3237 3488
3237 4091
3238 4104
3239 3325
3239 3523
3239 3709
3241 3329
3243 3541
3246 3324
3246 3389
3246 4092
3247 3398
3247 3731
3248 3766
3249 3498
3251 3867
3253 3291
3254 3290
3254 3565
3254 3642
3260 3536
3260 3980
3261 3681
3261 4100
3262 3546
3263 3367
3263 4138
3265 4009
3267 3865
3270 3579
3271 3511
3271 3632
3273 3573
3275 3650
3280 3644
3281 3726
3284 3792
3287 3710
3287 3767
3287 3916
3288 3814
3289 3547
3289 3831
3290 3500
3291 3629
3292 3481
3293 4078
3295 3393
3295 3647
3297 4128
3298 3632
3300 3458
3300 3885
3300 4036
3303 4017
3305 4121
3306 3808
3309 3331
3310 3747
3311 3322
3311 3332
3311 4107
3312 3570
3314 3805
3315 3652
3317 3984
3317 3998
3318 3832
3325 3438
3325 3666
3326 4008
3327 4126
3328 3758
3329 3524
3329 3781
3331 3927
3332 4047
3332 4057
3335 3400
3336 3863
3339 3494
3341 3944
3342 3404
3343 4016
3346 3634
3347 4010
3348 4133
3349 4047
3350 4052
3351 4046
3357 3363
3357 3688
3358 4005
3361 3541
3362 3593
3363 4061
3365 3500
3367 3628
3370 4051
3371 4008
3374 3474
3375 4022
3376 3895
3376 3926
3377 4083
3378 3692
3380 3524
3381 3638
3382 3671
3385 3747
3386 3419
3386 3649
3386 3805
3386 4039
3387 4092
3390 4083
3391 3561
3392 3512
3393 3476
3394 3718
3395 4152
3398 3776
3400 3915
3400 4002
3400 4036
3400 4090
3401 3838
3403 3463
3403 3732
3403 3862
3403 3902
3403 3977
3404 3810
3405 3665
3405 4110
3406 3896
3406 4125
3408 4005
3409 3571
3410 3688
3411 3627
3411 3928
3413 3812
3416 3645
3416 3706
3420 3603
3423 3868
3425 4128
3428 3709
3428 3839
3431 3731
3431 4107
3432 3662
3432 3729
3436 3602
3437 3624
3437 4120
3438 3856
3441 3524
3441 3845
3445 3832
3445 4113
3446 3530
3449 3520
3450 3611
3454 3611
3455 3488
3456 4039
3457 3725
3458 3971
3458 4099
3460 4086
3466 3895
3468 3664
3468 3787
3468 4087
3469 3530
3469 3815
3470 3501
3476 3733
3477 3772
3477 3947
3478 3898
3479 3903
3480 3497
3480 4111
3483 3983
3487 3992
3489 4136
3490 4052
3491 3596
3493 3681
3494 3628
3495 3788
3496 3951
3498 3559
3498 4117
3499 3918
3500 3989
3501 4037
3502 3913
3505 3993
3507 3514
3510 3676
3517 3560
3517 4096
3518 3769
3523 3679
3523 4129
3525 4035
3527 4071
3529 3860
3531 3765
3532 3610
3537 3550
3539 3753
3539 3870
3540 4112
3542 3640
3548 3813
3549 3553
3550 3577
3552 4035
3553 3683
3557 4080
3560 3667
3560 3842
3561 3836
3561 4127
3562 4114
3563 4146
3564 3687
3566 3880
3568 3637
3570 3656
3570 3780
3570 3843
3573 3858
3574 3623
3575 3873
3576 3580
3577 3964
3577 3996
3578 3678
3580 3929
3582 3621
3584 3979
3585 3596
3585 3722
3585 4102
3588 3806
3588 3924
3588 4070
3589 4105
3590 4089
3591 4079
3592 3880
3593 3625
3593 3832
3595 4067
3601 4150
3603 3627
3604 4009
3605 4019
3606 3733
3608 3803
3610 3989
3615 3763
3617 3629
3618 3805
3619 3755
3620 3702
3620 3752
3621 4012
3622 3773
3622 3823
3624 3659
3627 3765
3631 3810
3632 3678
3632 3939
3632 4064
3636 3743
3637 3892
3637 4042
3639 3967
3641 3920
3641 4078
3645 4126
3647 3986
3647 4077
3648 3660
3652 3878
3654 3675
3655 3702
3662 3776
3662 3890
3664 4084
3669 3739
3670 4128
3675 4038
3676 3710
3676 4073
3680 3846
3680 4117
3681 3906
3681 3941
3683 3729
3684 4081
3685 3736
3687 3901
3690 4063
3703 3842
3704 3806
3704 3823
3709 3866
3710 3913
3710 4106
3711 3726
3712 3786
3720 4045
3723 3856
3723 4147
3724 3742
3724 3790
3726 3932
3728 3976
3731 3944
3732 3750
3732 4071
3735 4047
3737 4104
3738 4031
3745 4072
3752 3914
3758 3979
3764 4152
3767 4113
3774 3819
3775 3847
3775 4056
3778 3860
3785 4008
3785 4066
3792 4007
3795 3930
3796 3851
3811 3898
3812 3901
3814 3820
3816 4131
3819 3988
3826 4054
3827 3972
3834 3908
3835 3961
3841 3870
3841 4000
3842 3979
3845 3900
3845 4133
3850 4149
3851 3921
3856 3990
3859 4157
3865 4077
3872 4121
3873 3947
3875 4008
3876 4039
3878 3904
3878 3933
3882 4128
3883 4149
3885 3990
3886 4014
3891 3952
3891 4084
3898 3995
3899 4088
3901 4011
3903 4087
3912 4084
3913 4022
3917 3951
3919 4032
3920 4015
3923 4095
3924 4114
3928 3949
3943 4068
3953 4140
3957 4076
3961 4100
3963 4071
3963 4076
3970 3997
3970 4060
3981 4097
3986 4036
3994 4049
3998 4055
4007 4148
4010 4150
4012 4123
4018 4031
4023 4097
4030 4080
4044 4086
4044 4136
4046 4123
4058 4097
4068 4111
4094 4144
4099 4100
4100 4122
4105 4113
4112 4136
4135 4144
