newname lastname
0 13
1 14
2 22
3 24
4 25
5 26
6 27
7 28
8 29
9 45
10 46
11 62
12 65
13 70
14 71
15 74
16 75
17 78
18 80
19 81
20 82
21 85
22 88
23 93
24 95
25 97
26 98
27 106
28 113
29 114
30 115
31 122
32 123
33 124
34 128
35 135
36 140
37 141
38 142
39 161
40 163
41 164
42 165
43 178
44 179
45 183
46 185
47 187
48 188
49 192
50 193
51 194
52 195
53 197
54 199
55 200
56 205
57 214
58 215
59 231
60 232
61 238
62 244
63 245
64 252
65 253
66 254
67 260
68 267
69 269
70 272
71 281
72 283
73 284
74 293
75 294
76 299
77 302
78 309
79 312
80 315
81 320
82 321
83 339
84 345
85 348
86 350
87 351
88 352
89 357
90 358
91 360
92 364
93 365
94 369
95 372
96 373
97 374
98 375
99 376
100 379
101 380
102 385
103 392
104 396
105 400
106 403
107 408
108 409
109 410
110 414
111 449
112 450
113 482
114 491
115 492
116 495
117 500
118 510
119 523
120 543
121 546
122 547
123 570
124 573
125 574
126 580
127 593
128 598
129 615
130 624
131 628
132 639
133 676
134 677
135 715
136 717
137 727
138 731
139 733
140 734
141 735
142 743
143 748
144 749
145 750
146 751
147 773
148 778
149 782
150 787
151 800
152 811
153 820
154 822
155 824
156 830
157 831
158 832
159 833
160 834
161 836
162 839
163 844
164 851
165 853
166 855
167 864
168 866
169 869
170 880
171 882
172 884
173 885
174 887
175 888
176 890
177 894
178 896
179 899
180 914
181 915
182 920
183 921
184 925
185 930
186 934
187 937
188 938
189 939
190 941
191 950
192 951
193 953
194 1000
195 1006
196 1008
197 1010
198 1013
199 1014
200 1023
201 1024
202 1025
203 1026
204 1028
205 1029
206 1044
207 1045
208 1048
209 1050
210 1051
211 1058
212 1059
213 1073
214 1074
215 1075
216 1078
217 1090
218 1092
219 1093
220 1098
221 1101
222 1104
223 1105
224 1107
225 1109
226 1116
227 1124
228 1125
229 1149
230 1150
231 1151
232 1153
233 1154
234 1157
235 1172
236 1174
237 1186
238 1187
239 1194
240 1217
241 1229
242 1234
243 1248
244 1254
245 1258
246 1265
247 1267
248 1278
249 1279
250 1280
251 1281
252 1289
253 1292
254 1293
255 1310
256 1311
257 1321
258 1322
259 1323
260 1327
261 1339
262 1341
263 1343
264 1344
265 1346
266 1347
267 1350
268 1353
269 1356
270 1373
271 1375
272 1376
273 1378
274 1383
275 1386
276 1403
277 1404
278 1405
279 1407
280 1408
281 1425
282 1427
283 1430
284 1436
285 1488
286 1490
287 1493
288 1497
289 1498
290 1499
291 1508
292 1511
293 1519
294 1520
295 1545
296 1549
297 1550
298 1551
299 1552
300 1556
301 1560
302 1561
303 1563
304 1588
305 1589
306 1594
307 1595
308 1599
309 1600
310 1606
311 1608
312 1611
313 1613
314 1620
315 1621
316 1653
317 1656
318 1658
319 1660
320 1662
321 1667
322 1668
323 1669
324 1670
325 1672
326 1674
327 1675
328 1685
329 1694
330 1695
331 1696
332 1699
333 1711
334 1727
335 1728
336 1736
337 1738
338 1765
339 1776
340 1782
341 1787
342 1793
343 1796
344 1798
345 1817
346 1818
347 1821
348 1822
349 1823
350 1825
351 1829
352 1832
353 1833
354 1834
355 1836
356 1838
357 1839
358 1840
359 1841
360 1854
361 1855
362 1857
363 1858
364 1859
365 1860
366 1862
367 1877
368 1878
369 1879
370 1880
371 1896
372 1897
373 1908
374 1910
375 1914
376 1915
377 1916
378 1941
379 1958
380 1959
381 1962
382 1963
383 1966
384 1967
385 1968
386 1969
387 1976
388 1981
389 1982
390 1983
391 1985
392 1989
393 1992
394 1995
395 1997
396 2001
397 2003
398 2004
399 2009
400 2010
401 2042
402 2043
403 2044
404 2047
405 2049
406 2054
407 2055
408 2059
409 2072
410 2073
411 2074
412 2075
413 2076
414 2080
415 2081
416 2085
417 2087
418 2115
419 2116
420 2117
421 2118
422 2119
423 2120
424 2123
425 2124
426 2127
427 2133
428 2136
429 2142
430 2143
431 2144
432 2155
433 2165
434 2169
435 2182
436 2184
437 2185
438 2186
439 2190
440 2193
441 2200
442 2201
443 2202
444 2203
445 2212
446 2215
447 2222
448 2223
449 2239
450 2243
451 2247
452 2248
453 2249
454 2250
455 2255
456 2259
457 2287
458 2293
459 2295
460 2298
461 2303
462 2304
463 2306
464 2307
465 2309
466 2316
467 2326
468 2328
469 2329
470 2331
471 2332
472 2334
473 2335
474 2338
475 2339
476 2340
477 2341
478 2342
479 2348
480 2350
481 2352
482 2355
483 2356
484 2368
485 2385
486 2386
487 2388
488 2394
489 2404
490 2409
491 2410
492 2420
493 2443
494 2449
495 2450
496 2451
497 2452
498 2455
499 2457
500 2459
501 2465
502 2474
503 2475
504 2476
505 2485
506 2487
507 2490
508 2501
509 2503
510 2504
511 2505
512 2506
513 2511
514 2512
515 2515
516 2516
517 2526
518 2527
519 2530
520 2532
521 2535
522 2536
523 2556
524 2557
525 2558
526 2559
527 2560
528 2561
529 2562
530 2563
531 2566
532 2568
533 2569
534 2591
535 2592
536 2593
537 2596
538 2607
539 2611
540 2613
541 2614
542 2620
543 2621
544 2622
545 2623
546 2624
547 2630
548 2654
549 2655
550 2656
551 2661
552 2664
553 2666
554 2710
555 2712
556 2713
557 2720
558 2741
559 2742
560 2749
561 2750
562 2752
563 2754
564 2761
565 2762
566 2770
567 2771
568 2773
569 2774
570 2783
571 2784
572 2785
573 2789
574 2797
575 2803
576 2805
577 2806
578 2810
579 2823
580 2826
581 2846
582 2848
583 2851
584 2852
585 2870
586 2877
587 2879
588 2883
589 2912
590 2915
591 2917
592 2922
593 2926
594 2936
595 2938
596 2949
597 2950
598 2952
599 2959
600 2980
601 2981
602 2982
603 2984
604 2991
605 2993
606 2997
607 3006
608 3007
609 3032
610 3033
611 3034
612 3037
613 3048
614 3052
615 3053
616 3055
617 3056
618 3058
619 3059
620 3062
621 3063
622 3066
623 3067
624 3068
625 3073
626 3074
627 3076
628 3096
629 3099
630 3100
631 3102
632 3105
633 3113
634 3119
635 3136
636 3164
637 3171
638 3173
639 3174
640 3178
641 3185
642 3186
643 3188
644 3193
645 3194
646 3195
647 3196
648 3197
649 3199
650 3200
651 3204
652 3206
653 3207
654 3209
655 3228
656 3231
657 3239
658 3243
659 3265
660 3279
661 3280
662 3283
663 3286
664 3291
665 3292
666 3293
667 3297
668 3310
669 3312
670 3316
671 3321
672 3323
673 3345
674 3347
675 3362
676 3372
677 3377
678 3383
679 3386
680 3387
681 3388
682 3409
683 3411
684 3412
685 3418
686 3420
687 3430
688 3431
689 3441
690 3442
691 3449
692 3450
693 3451
694 3452
695 3466
696 3501
697 3502
698 3507
699 3508
700 3511
701 3516
702 3522
703 3524
704 3526
705 3532
706 3534
707 3547
708 3553
709 3561
710 3593
711 3594
712 3595
713 3599
714 3607
715 3618
716 3630
717 3631
718 3632
719 3633
720 3651
721 3652
722 3653
723 3654
724 3655
725 3677
726 3679
727 3681
728 3682
729 3683
730 3684
731 3685
732 3716
733 3718
734 3719
735 3721
736 3725
737 3730
738 3731
739 3743
740 3744
741 3748
742 3750
743 3752
744 3754
745 3765
746 3766
747 3772
748 3773
749 3804
750 3811
751 3812
752 3814
753 3818
754 3819
755 3820
756 3821
757 3824
758 3825
759 3826
760 3827
761 3839
762 3843
763 3844
764 3845
765 3849
766 3850
767 3851
768 3852
769 3853
770 3858
771 3872
772 3873
773 3875
774 3876
775 3877
776 3878
777 3890
778 3909
779 3910
780 3916
781 3917
782 3922
783 3927
784 3937
785 3939
786 3944
787 3946
788 3948
789 3953
790 3955
791 3964
792 3965
793 3967
794 3977
795 3980
796 3982
797 3983
798 3988
799 3989
800 3990
801 3996
802 3998
803 3999
804 4000
805 4013
806 4015
807 4017
808 4018
809 4019
810 4021
811 4023
812 4027
813 4032
814 4033
815 4034
816 4036
817 4037
818 4038
819 4040
820 4046
821 4051
822 4052
823 4068
824 4069
825 4080
826 4081
827 4102
828 4103
829 4104
830 4106
831 4110
832 4115
833 4116
834 4117
835 4125
836 4128
837 4135
838 4138
839 4139
840 4141
841 4143
842 4144
843 4146
844 4148
845 4164
846 4180
847 4181
848 4182
849 4183
850 4186
851 4189
852 4195
853 4196
854 4199
855 4211
856 4213
857 4241
858 4242
859 4245
860 4247
861 4249
862 4250
863 4252
864 4254
865 4255
866 4258
867 4259
868 4261
869 4262
870 4263
871 4264
872 4265
873 4266
874 4267
875 4269
876 4272
877 4273
878 4275
879 4276
880 4278
881 4283
882 4284
883 4286
884 4288
885 4289
886 4290
887 4293
888 4298
889 4301
890 4302
891 4319
892 4351
893 4353
894 4354
895 4355
896 4364
897 4365
898 4366
899 4371
900 4372
901 4376
902 4377
903 4379
904 4380
905 4382
906 4383
907 4416
908 4422
909 4425
910 4426
911 4427
912 4428
913 4431
914 4432
915 4433
916 4442
917 4446
918 4451
919 4458
920 4466
921 4467
922 4468
923 4469
924 4472
925 4483
926 4484
927 4485
928 4488
929 4490
930 4493
931 4495
932 4511
933 4512
934 4513
935 4515
936 4525
937 4550
938 4552
939 4554
940 4555
941 4575
942 4576
943 4583
944 4588
945 4624
946 4625
947 4630
948 4631
949 4632
950 4633
951 4634
952 4635
953 4638
954 4639
955 4640
956 4641
957 4642
958 4643
959 4650
960 4656
961 4673
962 4685
963 4697
964 4700
965 4702
966 4703
967 4704
968 4705
969 4708
970 4712
971 4713
972 4724
973 4727
974 4743
975 4748
976 4750
977 4755
978 4756
979 4759
980 4760
981 4765
982 4766
983 4771
984 4773
985 4774
986 4775
987 4777
988 4781
989 4782
990 4793
991 4798
992 4814
993 4819
994 4822
995 4825
996 4826
997 4828
998 4834
999 4835
1000 4836
1001 4846
1002 4847
1003 4868
1004 4870
1005 4875
1006 4877
1007 4878
1008 4896
1009 4952
1010 4954
1011 4955
1012 4958
1013 4959
1014 4960
1015 4966
1016 4967
1017 4975
1018 4983
1019 4988
1020 4989
1021 5052
1022 5055
1023 5056
1024 5057
1025 5059
1026 5060
1027 5061
1028 5062
1029 5065
1030 5067
1031 5078
1032 5081
1033 5083
1034 5084
1035 5087
1036 5107
1037 5109
1038 5116
1039 5119
1040 5125
1041 5130
1042 5131
1043 5134
1044 5136
1045 5137
1046 5143
1047 5144
1048 5156
1049 5162
1050 5164
1051 5166
1052 5172
1053 5175
1054 5181
1055 5182
1056 5184
1057 5194
1058 5202
1059 5209
1060 5210
1061 5211
1062 5212
1063 5216
1064 5218
1065 5225
1066 5227
1067 5228
1068 5230
1069 5231
1070 5232
1071 5233
1072 5240
1073 5241
1074 5246
1075 5251
1076 5255
1077 5256
1078 5257
1079 5259
1080 5260
1081 5261
1082 5262
1083 5266
1084 5267
1085 5268
1086 5271
1087 5287
1088 5302
1089 5346
1090 5352
1091 5353
1092 5355
1093 5359
1094 5360
1095 5361
1096 5363
1097 5364
1098 5365
1099 5366
1100 5367
1101 5385
1102 5387
1103 5392
1104 5395
1105 5400
1106 5402
1107 5404
1108 5406
1109 5407
1110 5408
1111 5409
1112 5411
1113 5412
1114 5413
1115 5415
1116 5417
1117 5425
1118 5427
1119 5432
1120 5434
1121 5435
1122 5441
1123 5444
1124 5445
1125 5446
1126 5464
1127 5465
1128 5466
1129 5468
1130 5469
1131 5477
1132 5478
1133 5479
1134 5481
1135 5483
1136 5485
1137 5486
1138 5488
1139 5490
1140 5492
1141 5497
1142 5503
1143 5505
1144 5510
1145 5511
1146 5519
1147 5529
1148 5533
1149 5541
1150 5542
1151 5543
1152 5545
1153 5546
1154 5547
1155 5548
1156 5555
1157 5564
1158 5570
1159 5571
1160 5575
1161 5577
1162 5578
1163 5579
1164 5597
1165 5601
1166 5602
1167 5605
1168 5606
1169 5608
1170 5621
1171 5622
1172 5626
1173 5629
1174 5631
1175 5632
1176 5634
1177 5636
1178 5639
1179 5655
1180 5656
1181 5659
1182 5660
1183 5661
1184 5667
1185 5668
1186 5672
1187 5673
1188 5674
1189 5695
1190 5697
1191 5698
1192 5712
1193 5717
1194 5729
1195 5730
1196 5731
1197 5738
1198 5739
1199 5740
1200 5767
1201 5769
1202 5771
1203 5773
1204 5774
1205 5787
1206 5794
1207 5807
1208 5809
1209 5812
1210 5814
1211 5825
1212 5826
1213 5827
1214 5828
1215 5829
1216 5830
1217 5835
1218 5838
1219 5839
1220 5840
1221 5843
1222 5848
1223 5849
1224 5851
1225 5853
1226 5862
1227 5901
1228 5934
1229 5938
1230 5953
1231 5957
1232 5960
1233 5973
1234 5993
1235 5995
1236 6008
1237 6009
1238 6010
1239 6012
1240 6023
1241 6024
1242 6030
1243 6031
1244 6033
1245 6037
1246 6039
1247 6056
1248 6064
1249 6072
1250 6073
1251 6075
1252 6076
1253 6077
1254 6078
1255 6079
1256 6081
1257 6082
1258 6094
1259 6095
1260 6154
1261 6156
1262 6158
1263 6159
1264 6160
1265 6161
1266 6170
1267 6172
1268 6175
1269 6176
1270 6179
1271 6183
1272 6184
1273 6185
1274 6190
1275 6218
1276 6219
1277 6222
1278 6226
1279 6229
1280 6264
1281 6265
1282 6266
1283 6271
1284 6280
1285 6282
1286 6288
1287 6290
1288 6291
1289 6300
1290 6301
1291 6303
1292 6305
1293 6307
1294 6315
1295 6316
1296 6317
1297 6337
1298 6340
1299 6350
1300 6351
1301 6354
1302 6355
1303 6356
1304 6364
1305 6375
1306 6376
1307 6380
1308 6387
1309 6388
1310 6389
1311 6390
1312 6408
1313 6411
1314 6421
1315 6423
1316 6427
1317 6431
1318 6434
1319 6442
1320 6443
1321 6446
1322 6448
1323 6455
1324 6456
1325 6465
1326 6468
1327 6482
1328 6494
1329 6503
1330 6506
1331 6512
1332 6513
1333 6524
1334 6525
1335 6527
1336 6529
1337 6530
1338 6532
1339 6533
1340 6534
1341 6535
1342 6538
1343 6541
1344 6543
1345 6544
1346 6556
1347 6558
1348 6575
1349 6576
1350 6579
1351 6583
1352 6610
1353 6611
1354 6626
1355 6627
1356 6628
1357 6629
1358 6631
1359 6632
1360 6635
1361 6638
1362 6641
1363 6642
1364 6648
1365 6666
1366 6667
1367 6669
1368 6675
1369 6700
1370 6701
1371 6702
1372 6703
1373 6706
1374 6707
1375 6708
1376 6709
1377 6711
1378 6724
1379 6726
1380 6732
1381 6735
1382 6737
1383 6738
1384 6744
1385 6746
1386 6748
1387 6774
1388 6776
1389 6804
1390 6806
1391 6807
1392 6808
1393 6810
1394 6813
1395 6815
1396 6823
1397 6824
1398 6825
1399 6828
1400 6830
1401 6832
1402 6835
1403 6838
1404 6857
1405 6858
1406 6859
1407 6863
1408 6864
1409 6867
1410 6868
1411 6878
1412 6884
1413 6888
1414 6891
1415 6892
1416 6895
1417 6896
1418 6904
1419 6905
1420 6907
1421 6908
1422 6911
1423 6913
1424 6914
1425 6918
1426 6919
1427 6920
1428 6934
1429 6941
1430 6943
1431 6944
1432 6963
1433 6971
1434 6973
1435 7007
1436 7010
1437 7011
1438 7013
1439 7014
1440 7015
1441 7023
1442 7024
1443 7025
1444 7026
1445 7038
1446 7039
1447 7042
1448 7045
1449 7046
1450 7050
1451 7053
1452 7055
1453 7058
1454 7069
1455 7071
1456 7072
1457 7087
1458 7088
1459 7090
1460 7091
1461 7093
1462 7094
1463 7095
1464 7096
1465 7098
1466 7103
1467 7104
1468 7105
1469 7109
1470 7125
1471 7126
1472 7154
1473 7188
1474 7194
1475 7197
1476 7204
1477 7206
1478 7209
1479 7245
1480 7246
1481 7247
1482 7264
1483 7265
1484 7267
1485 7277
1486 7278
1487 7280
1488 7281
1489 7307
1490 7309
1491 7311
1492 7317
1493 7324
1494 7350
1495 7355
1496 7356
1497 7357
1498 7383
1499 7384
1500 7386
1501 7442
1502 7444
1503 7446
1504 7447
1505 7449
1506 7450
1507 7452
1508 7459
1509 7463
1510 7468
1511 7475
1512 7477
1513 7479
1514 7481
1515 7482
1516 7483
1517 7485
1518 7504
1519 7506
1520 7510
1521 7511
1522 7515
1523 7522
1524 7523
1525 7524
1526 7525
1527 7533
1528 7534
1529 7536
1530 7541
1531 7542
1532 7543
1533 7546
1534 7563
1535 7572
1536 7573
1537 7578
1538 7579
1539 7584
1540 7585
1541 7586
1542 7588
1543 7590
1544 7592
1545 7594
1546 7595
1547 7596
1548 7597
1549 7601
1550 7602
1551 7603
1552 7615
1553 7625
1554 7632
1555 7635
1556 7636
1557 7637
1558 7638
1559 7645
1560 7647
1561 7648
1562 7650
1563 7689
1564 7695
1565 7712
1566 7713
1567 7715
1568 7716
1569 7717
1570 7718
1571 7719
1572 7725
1573 7726
1574 7727
1575 7768
1576 7769
1577 7772
1578 7774
1579 7801
1580 7802
1581 7807
1582 7811
1583 7824
1584 7829
1585 7844
1586 7853
1587 7854
1588 7855
1589 7857
1590 7861
1591 7863
1592 7877
1593 7878
1594 7882
1595 7883
1596 7885
1597 7888
1598 7893
1599 7895
1600 7899
1601 7911
1602 7916
1603 7926
1604 7935
1605 7956
1606 7957
1607 7958
1608 7959
1609 7985
1610 7991
1611 7999
1612 8000
1613 8031
1614 8036
1615 8037
1616 8045
1617 8047
1618 8048
1619 8049
1620 8053
1621 8054
1622 8055
1623 8058
1624 8063
1625 8064
1626 8067
1627 8069
1628 8071
1629 8072
1630 8074
1631 8077
1632 8079
1633 8087
1634 8116
1635 8118
1636 8122
1637 8128
1638 8134
1639 8146
1640 8147
1641 8148
1642 8150
1643 8151
1644 8153
1645 8155
1646 8156
1647 8157
1648 8161
1649 8177
1650 8178
1651 8179
1652 8184
1653 8185
1654 8187
1655 8193
1656 8195
1657 8198
1658 8200
1659 8206
1660 8208
1661 8211
1662 8215
1663 8216
1664 8219
1665 8222
1666 8224
1667 8231
1668 8254
1669 8255
1670 8261
1671 8263
1672 8279
1673 8280
1674 8282
1675 8298
1676 8299
1677 8301
1678 8302
1679 8305
1680 8307
1681 8308
1682 8310
1683 8312
1684 8335
1685 8336
1686 8340
1687 8349
1688 8352
1689 8365
1690 8366
1691 8367
1692 8369
1693 8372
1694 8374
1695 8375
1696 8376
1697 8378
1698 8386
1699 8387
1700 8391
1701 8395
1702 8398
1703 8400
1704 8403
1705 8404
1706 8408
1707 8409
1708 8428
1709 8437
1710 8441
1711 8442
1712 8443
1713 8446
1714 8448
1715 8449
1716 8452
1717 8457
1718 8458
1719 8471
1720 8472
1721 8474
1722 8475
1723 8476
1724 8503
1725 8504
1726 8505
1727 8511
1728 8512
1729 8513
1730 8517
1731 8520
1732 8523
1733 8526
1734 8530
1735 8534
1736 8538
1737 8541
1738 8547
1739 8549
1740 8552
1741 8553
1742 8557
1743 8558
1744 8579
1745 8589
1746 8592
1747 8593
1748 8595
1749 8596
1750 8612
1751 8614
1752 8615
1753 8623
1754 8625
1755 8626
1756 8628
1757 8629
1758 8630
1759 8641
1760 8643
1761 8666
1762 8669
1763 8671
1764 8672
1765 8676
1766 8678
1767 8680
1768 8701
1769 8702
1770 8704
1771 8705
1772 8708
1773 8710
1774 8711
1775 8715
1776 8717
1777 8718
1778 8719
1779 8721
1780 8725
1781 8726
1782 8727
1783 8728
1784 8730
1785 8731
1786 8732
1787 8735
1788 8737
1789 8738
1790 8739
1791 8742
1792 8768
1793 8774
1794 8786
1795 8787
1796 8801
1797 8807
1798 8811
1799 8815
1800 8823
1801 8824
1802 8851
1803 8854
1804 8857
1805 8862
1806 8864
1807 8868
1808 8869
1809 8870
1810 8871
1811 8876
1812 8877
1813 8879
1814 8881
1815 8887
1816 8888
1817 8891
1818 8916
1819 8920
1820 8922
1821 8925
1822 8928
1823 8932
1824 8968
1825 8969
1826 8970
1827 8972
1828 8973
1829 8976
1830 8978
1831 9017
1832 9018
1833 9020
1834 9021
1835 9023
1836 9025
1837 9026
1838 9027
1839 9030
1840 9037
1841 9038
1842 9039
1843 9053
1844 9066
1845 9074
1846 9075
1847 9082
1848 9090
1849 9092
1850 9093
1851 9094
1852 9095
1853 9098
1854 9099
1855 9103
1856 9124
1857 9125
1858 9126
1859 9127
1860 9128
1861 9130
1862 9133
1863 9135
1864 9138
1865 9143
1866 9147
1867 9149
1868 9151
1869 9184
1870 9188
1871 9189
1872 9194
1873 9207
1874 9208
1875 9209
1876 9211
1877 9216
1878 9217
1879 9224
1880 9241
1881 9248
1882 9249
1883 9255
1884 9264
1885 9265
1886 9266
1887 9267
1888 9269
1889 9273
1890 9283
1891 9306
1892 9312
1893 9313
1894 9314
1895 9316
1896 9325
1897 9327
1898 9335
1899 9337
1900 9338
1901 9341
1902 9360
1903 9387
1904 9389
1905 9391
1906 9392
1907 9397
1908 9408
1909 9413
1910 9414
1911 9417
1912 9419
1913 9426
1914 9432
1915 9433
1916 9439
1917 9441
1918 9450
1919 9458
1920 9459
1921 9471
1922 9482
1923 9483
1924 9485
1925 9486
1926 9488
1927 9491
1928 9504
1929 9511
1930 9514
1931 9517
1932 9518
1933 9522
1934 9572
1935 9579
1936 9591
1937 9593
1938 9595
1939 9597
1940 9606
1941 9616
1942 9618
1943 9629
1944 9630
1945 9631
1946 9634
1947 9639
1948 9643
1949 9647
1950 9649
1951 9656
1952 9659
1953 9710
1954 9712
1955 9713
1956 9715
1957 9717
1958 9721
1959 9722
1960 9723
1961 9732
1962 9735
1963 9736
1964 9755
1965 9758
1966 9759
1967 9760
1968 9763
1969 9764
1970 9765
1971 9769
1972 9773
1973 9774
1974 9785
1975 9800
1976 9829
1977 9831
1978 9832
1979 9862
1980 9863
1981 9865
1982 9867
1983 9869
1984 9870
1985 9871
1986 9889
1987 9890
1988 9892
1989 9893
1990 9895
1991 9907
1992 9913
1993 9915
1994 9921
1995 9922
1996 9924
1997 9937
1998 9943
1999 9944
2000 9946
2001 9959
2002 9962
2003 9964
2004 9968
2005 9974
2006 9979
2007 9980
2008 9983
2009 9984
2010 9986
2011 9987
2012 9988
2013 9993
2014 9994
2015 10000
2016 10002
2017 10004
2018 10022
2019 10024
2020 10026
2021 10039
2022 10041
2023 10055
2024 10056
2025 10062
2026 10081
2027 10096
2028 10113
2029 10115
2030 10116
2031 10117
2032 10130
2033 10133
2034 10134
2035 10148
2036 10153
2037 10154
2038 10158
2039 10162
2040 10163
2041 10178
2042 10180
2043 10183
2044 10186
2045 10211
2046 10235
2047 10243
2048 10246
2049 10247
2050 10251
2051 10252
2052 10253
2053 10268
2054 10310
2055 10317
2056 10338
2057 10341
2058 10346
2059 10350
2060 10351
2061 10352
2062 10354
2063 10355
2064 10356
2065 10358
2066 10376
2067 10381
2068 10382
2069 10383
2070 10388
2071 10390
2072 10391
2073 10406
2074 10407
2075 10412
2076 10427
2077 10432
2078 10433
2079 10435
2080 10438
2081 10439
2082 10445
2083 10446
2084 10456
2085 10458
2086 10463
2087 10467
2088 10468
2089 10476
2090 10477
2091 10478
2092 10490
2093 10496
2094 10497
2095 10499
2096 10500
2097 10501
2098 10513
2099 10514
2100 10517
2101 10519
2102 10522
2103 10524
2104 10526
2105 10532
2106 10539
2107 10543
2108 10549
2109 10550
2110 10552
2111 10555
2112 10559
2113 10561
2114 10564
2115 10588
2116 10590
2117 10597
2118 10600
2119 10601
2120 10602
2121 10615
2122 10620
2123 10623
2124 10637
2125 10638
2126 10640
2127 10652
2128 10655
2129 10656
2130 10657
2131 10672
2132 10676
2133 10677
2134 10679
2135 10682
2136 10684
2137 10711
2138 10719
2139 10726
2140 10762
2141 10763
2142 10765
2143 10791
2144 10792
2145 10794
2146 10801
2147 10805
2148 10807
2149 10818
2150 10819
2151 10822
2152 10824
2153 10825
2154 10841
2155 10842
2156 10847
2157 10850
2158 10871
2159 10872
2160 10878
2161 10879
2162 10880
2163 10881
2164 10884
2165 10895
2166 10896
2167 10897
2168 10898
2169 10904
2170 10906
2171 10907
2172 10910
2173 10912
2174 10918
2175 10919
2176 10923
2177 10925
2178 10926
2179 10931
2180 10936
2181 10942
2182 10956
2183 10966
2184 10967
2185 10969
2186 10983
2187 10986
2188 10990
2189 10991
2190 10996
2191 11002
2192 11009
2193 11011
2194 11012
2195 11015
2196 11016
2197 11017
2198 11026
2199 11028
2200 11030
2201 11032
2202 11034
2203 11035
2204 11037
2205 11047
2206 11052
2207 11053
2208 11054
2209 11066
2210 11077
2211 11082
2212 11093
2213 11102
2214 11107
2215 11108
2216 11109
2217 11112
2218 11113
2219 11114
2220 11120
2221 11121
2222 11125
2223 11132
2224 11141
2225 11148
2226 11152
2227 11175
2228 11182
2229 11183
2230 11186
2231 11194
2232 11196
2233 11197
2234 11199
2235 11213
2236 11215
2237 11216
2238 11223
2239 11227
2240 11231
2241 11233
2242 11241
2243 11275
2244 11279
2245 11280
2246 11284
2247 11285
2248 11293
2249 11318
2250 11325
2251 11328
2252 11372
2253 11379
2254 11400
2255 11401
2256 11402
2257 11403
2258 11405
2259 11410
2260 11411
2261 11416
2262 11418
2263 11426
2264 11427
2265 11442
2266 11444
2267 11445
2268 11447
2269 11459
2270 11461
2271 11462
2272 11464
2273 11465
2274 11467
2275 11468
2276 11470
2277 11472
2278 11490
2279 11491
2280 11493
2281 11495
2282 11502
2283 11522
2284 11528
2285 11537
2286 11539
2287 11557
2288 11561
2289 11563
2290 11566
2291 11572
2292 11577
2293 11579
2294 11583
2295 11591
2296 11593
2297 11602
2298 11604
2299 11607
2300 11609
2301 11610
2302 11611
2303 11612
2304 11613
2305 11616
2306 11617
2307 11621
2308 11622
2309 11623
2310 11626
2311 11629
2312 11630
2313 11631
2314 11638
2315 11640
2316 11641
2317 11642
2318 11661
2319 11662
2320 11664
2321 11670
2322 11696
2323 11700
2324 11712
2325 11713
2326 11718
2327 11719
2328 11721
2329 11733
2330 11734
2331 11746
2332 11785
2333 11788
2334 11791
2335 11792
2336 11801
2337 11806
2338 11808
2339 11811
2340 11812
2341 11815
2342 11816
2343 11820
2344 11821
2345 11822
2346 11823
2347 11824
2348 11828
2349 11829
2350 11840
2351 11841
2352 11842
2353 11844
2354 11861
2355 11863
2356 11865
2357 11868
2358 11876
2359 11878
2360 11879
2361 11891
2362 11892
2363 11893
2364 11898
2365 11899
2366 11902
2367 11903
2368 11910
2369 11911
2370 11919
2371 11923
2372 11924
2373 11925
2374 11926
2375 11929
2376 11939
2377 11944
2378 11951
2379 11964
2380 11965
2381 11967
2382 11968
2383 11969
2384 11971
2385 11979
2386 11991
2387 12016
2388 12017
2389 12032
2390 12034
2391 12040
2392 12041
2393 12042
2394 12043
2395 12045
2396 12046
2397 12049
2398 12050
2399 12051
2400 12053
2401 12054
2402 12056
2403 12065
2404 12066
2405 12070
2406 12071
2407 12074
2408 12085
2409 12101
2410 12106
2411 12107
2412 12110
2413 12112
2414 12113
2415 12118
2416 12121
2417 12122
2418 12130
2419 12135
2420 12141
2421 12149
2422 12151
2423 12155
2424 12157
2425 12158
2426 12160
2427 12161
2428 12165
2429 12166
2430 12187
2431 12192
2432 12193
2433 12212
2434 12213
2435 12235
2436 12247
2437 12248
2438 12252
2439 12256
2440 12260
2441 12262
2442 12263
2443 12266
2444 12268
2445 12286
2446 12287
2447 12290
2448 12291
2449 12295
2450 12296
2451 12302
2452 12306
2453 12307
2454 12308
2455 12311
2456 12312
2457 12313
2458 12318
2459 12320
2460 12321
2461 12324
2462 12334
2463 12337
2464 12338
2465 12365
2466 12369
2467 12370
2468 12373
2469 12380
2470 12386
2471 12387
2472 12389
2473 12406
2474 12409
2475 12411
2476 12414
2477 12419
2478 12422
2479 12423
2480 12425
2481 12453
2482 12458
2483 12460
2484 12472
2485 12473
2486 12478
2487 12491
2488 12492
2489 12496
2490 12498
2491 12503
2492 12504
2493 12507
2494 12512
2495 12545
2496 12547
2497 12551
2498 12552
2499 12553
2500 12554
2501 12587
2502 12599
2503 12606
2504 12611
2505 12612
2506 12614
2507 12615
2508 12616
2509 12617
2510 12618
2511 12627
2512 12637
2513 12639
2514 12640
2515 12641
2516 12642
2517 12644
2518 12645
2519 12654
2520 12659
2521 12660
2522 12664
2523 12665
2524 12675
2525 12676
2526 12678
2527 12679
2528 12687
2529 12688
2530 12689
2531 12691
2532 12695
2533 12696
2534 12701
2535 12703
2536 12704
2537 12707
2538 12709
2539 12710
2540 12712
2541 12720
2542 12722
2543 12733
2544 12735
2545 12739
2546 12742
2547 12743
2548 12745
2549 12749
2550 12751
2551 12758
2552 12763
2553 12781
2554 12786
2555 12787
2556 12788
2557 12797
2558 12798
2559 12801
2560 12802
2561 12803
2562 12806
2563 12842
2564 12849
2565 12851
2566 12852
2567 12860
2568 12861
2569 12863
2570 12865
2571 12866
2572 12868
2573 12874
2574 12884
2575 12885
2576 12887
2577 12927
2578 12928
2579 12930
2580 12938
2581 12940
2582 12968
2583 12971
2584 12980
2585 12981
2586 13008
2587 13010
2588 13012
2589 13013
2590 13022
2591 13026
2592 13029
2593 13031
2594 13032
2595 13034
2596 13035
2597 13036
2598 13056
2599 13060
2600 13067
2601 13068
2602 13096
2603 13142
2604 13144
2605 13153
2606 13164
2607 13167
2608 13174
2609 13175
2610 13177
2611 13190
2612 13191
2613 13196
2614 13199
2615 13202
2616 13205
2617 13220
2618 13276
2619 13282
2620 13283
2621 13291
2622 13292
2623 13310
2624 13311
2625 13318
2626 13319
2627 13320
2628 13321
2629 13322
2630 13325
2631 13328
2632 13333
2633 13334
2634 13346
2635 13352
2636 13355
2637 13357
2638 13364
2639 13369
2640 13371
2641 13384
2642 13385
2643 13387
2644 13388
2645 13389
2646 13390
2647 13404
2648 13411
2649 13413
2650 13415
2651 13422
2652 13469
2653 13470
2654 13480
2655 13481
2656 13482
2657 13483
2658 13485
2659 13486
2660 13490
2661 13493
2662 13496
2663 13497
2664 13498
2665 13501
2666 13520
2667 13521
2668 13526
2669 13528
2670 13529
2671 13556
2672 13558
2673 13597
2674 13600
2675 13604
2676 13614
2677 13615
2678 13616
2679 13619
2680 13620
2681 13621
2682 13622
2683 13624
2684 13625
2685 13628
2686 13635
2687 13636
2688 13641
2689 13647
2690 13649
2691 13651
2692 13653
2693 13659
2694 13664
2695 13673
2696 13675
2697 13677
2698 13680
2699 13682
2700 13683
2701 13684
2702 13702
2703 13703
2704 13704
2705 13705
2706 13711
2707 13712
2708 13713
2709 13714
2710 13717
2711 13740
2712 13741
2713 13749
2714 13801
2715 13802
2716 13813
2717 13815
2718 13831
2719 13832
2720 13834
2721 13837
2722 13847
2723 13859
2724 13862
2725 13864
2726 13929
2727 13931
2728 13932
2729 13955
2730 13966
2731 13970
2732 13971
2733 13989
2734 13990
2735 13992
2736 13995
2737 13999
2738 14003
2739 14004
2740 14007
2741 14009
2742 14020
2743 14033
2744 14037
2745 14051
2746 14067
2747 14078
2748 14079
2749 14089
2750 14090
2751 14093
2752 14094
2753 14096
2754 14102
2755 14123
2756 14128
2757 14130
2758 14131
2759 14132
2760 14135
2761 14149
2762 14153
2763 14154
2764 14157
2765 14159
2766 14165
2767 14170
2768 14171
2769 14174
2770 14175
2771 14176
2772 14181
2773 14182
2774 14265
2775 14282
2776 14286
2777 14302
2778 14308
2779 14316
2780 14317
2781 14319
2782 14324
2783 14325
2784 14337
2785 14338
2786 14339
2787 14340
2788 14344
2789 14345
2790 14346
2791 14351
2792 14353
2793 14357
2794 14358
2795 14369
2796 14370
2797 14371
2798 14372
2799 14373
2800 14374
2801 14376
2802 14377
2803 14379
2804 14383
2805 14384
2806 14385
2807 14403
2808 14414
2809 14419
2810 14424
2811 14430
2812 14431
2813 14485
2814 14496
2815 14497
2816 14498
2817 14499
2818 14500
2819 14502
2820 14512
2821 14534
2822 14540
2823 14541
2824 14542
2825 14543
2826 14547
2827 14550
2828 14552
2829 14558
2830 14559
2831 14560
2832 14562
2833 14599
2834 14600
2835 14606
2836 14615
2837 14616
2838 14619
2839 14620
2840 14621
2841 14627
2842 14628
2843 14638
2844 14639
2845 14647
2846 14648
2847 14652
2848 14661
2849 14662
2850 14664
2851 14667
2852 14690
2853 14691
2854 14698
2855 14707
2856 14709
2857 14710
2858 14711
2859 14746
2860 14747
2861 14763
2862 14766
2863 14767
2864 14770
2865 14771
2866 14781
2867 14807
2868 14808
2869 14809
2870 14818
2871 14834
2872 14840
2873 14841
2874 14842
2875 14843
2876 14844
2877 14845
2878 14854
2879 14864
2880 14865
2881 14868
2882 14869
2883 14870
2884 14872
2885 14886
2886 14894
2887 14924
2888 14932
2889 14933
2890 14952
2891 14967
2892 14969
2893 14970
2894 14972
2895 14976
2896 14982
2897 14983
2898 14985
2899 14990
2900 14991
2901 15003
2902 15005
2903 15006
2904 15007
2905 15010
2906 15066
2907 15073
2908 15081
2909 15082
2910 15108
2911 15123
2912 15125
2913 15126
2914 15127
2915 15144
2916 15145
2917 15148
2918 15150
2919 15154
2920 15159
2921 15160
2922 15161
2923 15163
2924 15166
2925 15170
2926 15171
2927 15172
2928 15173
2929 15175
2930 15181
2931 15182
2932 15184
2933 15186
2934 15187
2935 15188
2936 15189
2937 15191
2938 15192
2939 15194
2940 15195
2941 15196
2942 15197
2943 15198
2944 15200
2945 15205
2946 15206
2947 15208
2948 15209
2949 15214
2950 15217
2951 15218
2952 15221
2953 15227
2954 15235
2955 15244
2956 15245
2957 15246
2958 15247
2959 15248
2960 15249
2961 15250
2962 15251
2963 15252
2964 15253
2965 15258
2966 15259
2967 15300
2968 15301
2969 15305
2970 15306
2971 15311
2972 15316
2973 15321
2974 15322
2975 15325
2976 15329
2977 15353
2978 15357
2979 15358
2980 15365
2981 15366
2982 15372
2983 15374
2984 15382
2985 15383
2986 15384
2987 15386
2988 15387
2989 15388
2990 15395
2991 15396
2992 15399
2993 15400
2994 15401
2995 15409
2996 15413
2997 15414
2998 15415
2999 15416
3000 15418
3001 15419
3002 15420
3003 15422
3004 15423
3005 15435
3006 15455
3007 15457
3008 15477
3009 15478
3010 15479
3011 15485
3012 15495
3013 15516
3014 15523
3015 15524
3016 15528
3017 15538
3018 15552
3019 15553
3020 15559
3021 15562
3022 15568
3023 15571
3024 15572
3025 15580
3026 15582
3027 15583
3028 15585
3029 15589
3030 15596
3031 15600
3032 15608
3033 15609
3034 15614
3035 15616
3036 15617
3037 15623
3038 15624
3039 15625
3040 15626
3041 15641
3042 15642
3043 15657
3044 15659
3045 15663
3046 15664
3047 15665
3048 15666
3049 15667
3050 15668
3051 15669
3052 15678
3053 15681
3054 15682
3055 15683
3056 15685
3057 15687
3058 15688
3059 15695
3060 15706
3061 15708
3062 15712
3063 15714
3064 15715
3065 15717
3066 15718
3067 15770
3068 15774
3069 15784
3070 15786
3071 15793
3072 15799
3073 15800
3074 15802
3075 15805
3076 15814
3077 15816
3078 15821
3079 15824
3080 15829
3081 15846
3082 15847
3083 15850
3084 15880
3085 15882
3086 15891
3087 15898
3088 15899
3089 15905
3090 15907
3091 15911
3092 15912
3093 15913
3094 15917
3095 15920
3096 15931
3097 15933
3098 15935
3099 15938
3100 15941
3101 15942
3102 15943
3103 15947
3104 15951
3105 15959
3106 15960
3107 15961
3108 15962
3109 15971
3110 15972
3111 15973
3112 15974
3113 15977
3114 15998
3115 15999
3116 16006
3117 16010
3118 16011
3119 16013
3120 16014
3121 16015
3122 16020
3123 16022
3124 16032
3125 16039
3126 16040
3127 16041
3128 16042
3129 16056
3130 16065
3131 16067
3132 16068
3133 16070
3134 16083
3135 16084
3136 16087
3137 16091
3138 16101
3139 16102
3140 16106
3141 16107
3142 16108
3143 16109
3144 16110
3145 16115
3146 16123
3147 16124
3148 16128
3149 16129
3150 16131
3151 16148
3152 16154
3153 16155
3154 16159
3155 16162
3156 16174
3157 16177
3158 16210
3159 16213
3160 16216
3161 16224
3162 16225
3163 16226
3164 16227
3165 16230
3166 16231
3167 16232
3168 16234
3169 16235
3170 16258
3171 16261
3172 16262
3173 16264
3174 16265
3175 16266
3176 16270
3177 16274
3178 16278
3179 16280
3180 16281
3181 16310
3182 16312
3183 16314
3184 16324
3185 16331
3186 16332
3187 16333
3188 16334
3189 16335
3190 16336
3191 16338
3192 16340
3193 16347
3194 16348
3195 16349
3196 16352
3197 16353
3198 16357
3199 16358
3200 16368
3201 16389
3202 16393
3203 16414
3204 16415
3205 16429
3206 16433
3207 16469
3208 16470
3209 16471
3210 16475
3211 16482
3212 16483
3213 16484
3214 16485
3215 16486
3216 16495
3217 16496
3218 16498
3219 16505
3220 16506
3221 16511
3222 16513
3223 16521
3224 16523
3225 16543
3226 16545
3227 16553
3228 16554
3229 16563
3230 16565
3231 16568
3232 16570
3233 16575
3234 16576
3235 16584
3236 16589
3237 16590
3238 16594
3239 16598
3240 16607
3241 16608
3242 16609
3243 16611
3244 16620
3245 16621
3246 16622
3247 16624
3248 16640
3249 16643
3250 16644
3251 16647
3252 16648
3253 16649
3254 16651
3255 16654
3256 16655
3257 16659
3258 16674
3259 16675
3260 16676
3261 16694
3262 16696
3263 16703
3264 16708
3265 16717
3266 16718
3267 16719
3268 16722
3269 16726
3270 16727
3271 16728
3272 16729
3273 16730
3274 16741
3275 16742
3276 16743
3277 16747
3278 16749
3279 16751
3280 16754
3281 16755
3282 16756
3283 16765
3284 16766
3285 16770
3286 16778
3287 16779
3288 16783
3289 16800
3290 16801
3291 16802
3292 16803
3293 16817
3294 16818
3295 16819
3296 16820
3297 16823
3298 16830
3299 16831
3300 16834
3301 16835
3302 16837
3303 16853
3304 16858
3305 16872
3306 16876
3307 16877
3308 16881
3309 16882
3310 16886
3311 16888
3312 16889
3313 16890
3314 16891
3315 16892
3316 16899
3317 16900
3318 16906
3319 16921
3320 16922
3321 16931
3322 16932
3323 16935
3324 16937
3325 16940
3326 16941
3327 16945
3328 16946
3329 16953
3330 16955
3331 16957
3332 16958
3333 16962
3334 16963
3335 16967
3336 16971
3337 16976
3338 16994
3339 17001
3340 17006
3341 17015
3342 17016
3343 17017
3344 17019
3345 17021
3346 17022
3347 17038
3348 17039
3349 17075
3350 17076
3351 17082
3352 17086
3353 17089
3354 17090
3355 17099
3356 17113
3357 17114
3358 17116
3359 17118
3360 17120
3361 17121
3362 17122
3363 17124
3364 17125
3365 17126
3366 17127
3367 17131
3368 17134
3369 17135
3370 17137
3371 17141
3372 17149
3373 17156
3374 17157
3375 17158
3376 17161
3377 17162
3378 17163
3379 17172
3380 17173
3381 17174
3382 17178
3383 17179
3384 17180
3385 17182
3386 17187
3387 17189
3388 17191
3389 17192
3390 17194
3391 17207
3392 17208
3393 17228
3394 17231
3395 17233
3396 17235
3397 17237
3398 17240
3399 17245
3400 17248
3401 17249
3402 17250
3403 17251
3404 17252
3405 17266
3406 17268
3407 17273
3408 17274
3409 17275
3410 17276
3411 17277
3412 17280
3413 17285
3414 17286
3415 17289
3416 17290
3417 17291
3418 17293
3419 17294
3420 17297
3421 17304
3422 17306
3423 17307
3424 17308
3425 17309
3426 17330
3427 17331
3428 17337
3429 17339
3430 17341
3431 17343
3432 17345
3433 17346
3434 17359
3435 17379
3436 17382
3437 17385
3438 17388
3439 17389
3440 17392
3441 17393
3442 17394
3443 17395
3444 17396
3445 17401
3446 17403
3447 17414
3448 17419
3449 17426
3450 17439
3451 17440
3452 17443
3453 17453
3454 17461
3455 17463
3456 17464
3457 17465
3458 17467
3459 17468
3460 17470
3461 17471
3462 17472
3463 17501
3464 17502
3465 17503
3466 17536
3467 17537
3468 17538
3469 17543
3470 17546
3471 17559
3472 17560
3473 17563
3474 17564
3475 17569
3476 17575
3477 17580
3478 17581
3479 17583
3480 17584
3481 17585
3482 17587
3483 17588
3484 17589
3485 17590
3486 17591
3487 17592
3488 17595
3489 17599
3490 17600
3491 17603
3492 17612
3493 17626
3494 17655
3495 17665
3496 17670
3497 17681
3498 17683
3499 17688
3500 17690
3501 17692
3502 17696
3503 17721
3504 17724
3505 17729
3506 17731
3507 17738
3508 17739
3509 17740
3510 17746
3511 17750
3512 17751
3513 17754
3514 17755
3515 17764
3516 17778
3517 17782
3518 17785
3519 17794
3520 17797
3521 17800
3522 17804
3523 17807
3524 17808
3525 17817
3526 17818
3527 17819
3528 17821
3529 17822
3530 17823
3531 17824
3532 17825
3533 17827
3534 17828
3535 17843
3536 17848
3537 17850
3538 17851
3539 17854
3540 17859
3541 17861
3542 17864
3543 17865
3544 17874
3545 17875
3546 17878
3547 17882
3548 17884
3549 17911
3550 17918
3551 17923
3552 17924
3553 17932
3554 17933
3555 17934
3556 17935
3557 17936
3558 17937
3559 17939
3560 17944
3561 17950
3562 17951
3563 17953
3564 17956
3565 17968
3566 17979
3567 17981
3568 17984
3569 17986
3570 17988
3571 17990
3572 17991
3573 17992
3574 17994
3575 17997
3576 17999
3577 18000
3578 18001
3579 18003
3580 18008
3581 18013
3582 18030
3583 18032
3584 18034
3585 18036
3586 18037
3587 18042
3588 18051
3589 18052
3590 18065
3591 18066
3592 18067
3593 18088
3594 18091
3595 18094
3596 18095
3597 18097
3598 18098
3599 18102
3600 18105
3601 18109
3602 18122
3603 18125
3604 18126
3605 18140
3606 18141
3607 18142
3608 18143
3609 18144
3610 18145
3611 18151
3612 18152
3613 18154
3614 18156
3615 18158
3616 18159
3617 18160
3618 18161
3619 18171
3620 18174
3621 18182
3622 18183
3623 18185
3624 18189
3625 18193
3626 18194
3627 18195
3628 18196
3629 18208
3630 18209
3631 18210
3632 18215
3633 18217
3634 18218
3635 18222
3636 18225
3637 18227
3638 18231
3639 18233
3640 18234
3641 18235
3642 18237
3643 18238
3644 18245
3645 18246
3646 18250
3647 18256
3648 18271
3649 18275
3650 18276
3651 18278
3652 18279
3653 18282
3654 18283
3655 18286
3656 18288
3657 18297
3658 18299
3659 18314
3660 18331
3661 18337
3662 18338
3663 18340
3664 18344
3665 18365
3666 18366
3667 18370
3668 18373
3669 18375
3670 18379
3671 18381
3672 18383
3673 18388
3674 18390
3675 18396
3676 18397
3677 18398
3678 18399
3679 18408
3680 18415
3681 18417
3682 18443
3683 18444
3684 18445
3685 18447
3686 18453
3687 18454
3688 18455
3689 18457
3690 18487
3691 18488
3692 18489
3693 18511
3694 18517
3695 18521
3696 18522
3697 18524
3698 18540
3699 18543
3700 18544
3701 18549
3702 18552
3703 18557
3704 18558
3705 18560
3706 18562
3707 18579
3708 18580
3709 18581
3710 18582
3711 18585
3712 18586
3713 18587
3714 18592
3715 18595
3716 18596
3717 18597
3718 18600
3719 18603
3720 18605
3721 18608
3722 18612
3723 18613
3724 18619
3725 18621
3726 18622
3727 18623
3728 18624
3729 18625
3730 18626
3731 18628
3732 18633
3733 18634
3734 18648
3735 18649
3736 18658
3737 18667
3738 18668
3739 18669
3740 18676
3741 18677
3742 18681
3743 18684
3744 18685
3745 18688
3746 18719
3747 18720
3748 18721
3749 18723
3750 18724
3751 18736
3752 18739
3753 18741
3754 18742
3755 18743
3756 18745
3757 18746
3758 18751
3759 18757
3760 18758
3761 18764
3762 18771
3763 18772
3764 18778
3765 18782
3766 18783
3767 18784
3768 18788
3769 18790
3770 18791
3771 18866
3772 18867
3773 18870
3774 18875
3775 18879
3776 18880
3777 18884
3778 18894
3779 18895
3780 18899
3781 18904
3782 18905
3783 18908
3784 18909
3785 18910
3786 18913
3787 18920
3788 18924
3789 18940
3790 18941
3791 18942
3792 18943
3793 18946
3794 18952
3795 18970
3796 18971
3797 18972
3798 18973
3799 18983
3800 18984
3801 18995
3802 18996
3803 19004
3804 19011
3805 19012
3806 19013
3807 19014
3808 19015
3809 19018
3810 19019
3811 19022
3812 19023
3813 19048
3814 19051
3815 19052
3816 19059
3817 19060
3818 19061
3819 19062
3820 19064
3821 19078
3822 19080
3823 19081
3824 19084
3825 19089
3826 19090
3827 19093
3828 19101
3829 19102
3830 19107
3831 19109
3832 19110
3833 19111
3834 19114
3835 19126
3836 19131
3837 19140
3838 19143
3839 19144
3840 19145
3841 19146
3842 19147
3843 19149
3844 19150
3845 19159
3846 19161
3847 19162
3848 19164
3849 19167
3850 19168
3851 19170
3852 19179
3853 19184
3854 19204
3855 19206
3856 19207
3857 19208
3858 19215
3859 19216
3860 19219
3861 19221
3862 19222
3863 19223
3864 19233
3865 19234
3866 19244
3867 19246
3868 19247
3869 19248
3870 19252
3871 19256
3872 19257
3873 19297
3874 19301
3875 19313
3876 19314
3877 19316
3878 19324
3879 19325
3880 19340
3881 19350
3882 19351
3883 19355
3884 19356
3885 19358
3886 19378
3887 19379
3888 19380
3889 19383
3890 19387
3891 19404
3892 19423
3893 19433
3894 19434
3895 19440
3896 19442
3897 19443
3898 19444
3899 19445
3900 19446
3901 19447
3902 19450
3903 19451
3904 19454
3905 19457
3906 19462
3907 19463
3908 19464
3909 19466
3910 19469
3911 19473
3912 19475
3913 19489
3914 19493
3915 19495
3916 19501
3917 19502
3918 19507
3919 19509
3920 19510
3921 19517
3922 19520
3923 19521
3924 19525
3925 19527
3926 19528
3927 19544
3928 19545
3929 19548
3930 19551
3931 19553
3932 19554
3933 19557
3934 19560
3935 19562
3936 19568
3937 19569
3938 19572
3939 19573
3940 19575
3941 19578
3942 19580
3943 19581
3944 19583
3945 19585
3946 19586
3947 19596
3948 19598
3949 19603
3950 19605
3951 19607
3952 19608
3953 19609
3954 19612
3955 19613
3956 19624
3957 19640
3958 19641
3959 19642
3960 19645
3961 19657
3962 19675
3963 19677
3964 19678
3965 19682
3966 19683
3967 19686
3968 19687
3969 19697
3970 19703
3971 19705
3972 19707
3973 19710
3974 19711
3975 19712
3976 19723
3977 19724
3978 19738
3979 19739
3980 19741
3981 19781
3982 19783
3983 19784
3984 19791
3985 19800
3986 19801
3987 19806
3988 19807
3989 19808
3990 19809
3991 19810
3992 19865
3993 19866
3994 19870
3995 19871
3996 19877
3997 19879
3998 19880
3999 19881
4000 19890
4001 19892
4002 19895
4003 19900
4004 19903
4005 19906
4006 19909
4007 19911
4008 19922
4009 19923
4010 19924
4011 19927
4012 19931
4013 19932
4014 19936
4015 19939
4016 19940
4017 19941
4018 19945
4019 19954
4020 19955
4021 19956
4022 19957
4023 19961
4024 19962
4025 19964
4026 19974
4027 19978
4028 19980
4029 19992
4030 19996
4031 19997
4032 20000
4033 20001
4034 20002
4035 20003
4036 20004
4037 20008
4038 20014
4039 20030
4040 20031
4041 20033
4042 20035
4043 20046
4044 20052
4045 20053
4046 20059
4047 20062
4048 20064
4049 20065
4050 20066
4051 20078
4052 20084
4053 20086
4054 20089
4055 20100
4056 20101
4057 20106
4058 20108
4059 20116
4060 20119
4061 20122
4062 20129
4063 20148
4064 20149
4065 20150
4066 20155
4067 20157
4068 20168
4069 20169
4070 20170
4071 20173
4072 20174
4073 20182
4074 20184
4075 20191
4076 20196
4077 20207
4078 20215
4079 20216
4080 20217
4081 20229
4082 20230
4083 20231
4084 20233
4085 20236
4086 20243
4087 20248
4088 20250
4089 20253
4090 20255
4091 20257
4092 20258
4093 20260
4094 20261
4095 20303
4096 20305
4097 20307
4098 20309
4099 20315
4100 20316
4101 20317
4102 20319
4103 20320
4104 20328
4105 20331
4106 20332
4107 20333
4108 20335
4109 20341
4110 20344
4111 20345
4112 20346
4113 20373
4114 20375
4115 20379
4116 20383
4117 20391
4118 20414
4119 20421
4120 20422
4121 20424
4122 20427
4123 20432
4124 20433
4125 20434
4126 20435
4127 20478
4128 20479
4129 20489
4130 20495
4131 20511
4132 20513
4133 20515
4134 20517
4135 20519
4136 20526
4137 20528
4138 20532
4139 20533
4140 20534
4141 20536
4142 20537
4143 20538
4144 20543
4145 20547
4146 20550
4147 20552
4148 20553
4149 20554
4150 20557
4151 20558
4152 20560
4153 20562
4154 20567
4155 20568
4156 20569
4157 20574
4158 20576
4159 20587
4160 20595
4161 20597
4162 20599
4163 20613
4164 20616
4165 20618
4166 20620
4167 20635
4168 20636
4169 20641
4170 20644
4171 20645
4172 20647
4173 20650
4174 20654
4175 20660
4176 20662
4177 20663
4178 20664
4179 20667
4180 20668
4181 20683
4182 20702
4183 20707
4184 20716
4185 20765
4186 20766
4187 20772
4188 20774
4189 20775
4190 20776
4191 20779
4192 20780
4193 20781
4194 20782
4195 20783
4196 20787
4197 20792
4198 20793
4199 20803
4200 20805
4201 20806
4202 20807
4203 20808
4204 20813
4205 20827
4206 20850
4207 20853
4208 20854
4209 20879
4210 20883
4211 20884
4212 20886
4213 20892
4214 20893
4215 20902
4216 20914
4217 20915
4218 20924
4219 20925
4220 20926
4221 20934
4222 20940
4223 20942
4224 20943
4225 20947
4226 20949
4227 20952
4228 20953
4229 20954
4230 20956
4231 20959
4232 20960
4233 21012
4234 21016
4235 21017
4236 21018
4237 21024
4238 21027
4239 21028
4240 21029
4241 21030
4242 21031
4243 21032
4244 21048
4245 21051
4246 21075
4247 21089
4248 21090
4249 21100
4250 21101
4251 21125
4252 21130
4253 21131
4254 21142
4255 21144
4256 21149
4257 21152
4258 21154
4259 21156
4260 21157
4261 21158
4262 21159
4263 21162
4264 21165
4265 21167
4266 21169
4267 21171
4268 21177
4269 21178
4270 21184
4271 21187
4272 21190
4273 21191
4274 21194
4275 21195
4276 21199
4277 21203
4278 21205
4279 21206
4280 21220
4281 21221
4282 21281
4283 21287
4284 21288
4285 21289
4286 21293
4287 21297
4288 21303
4289 21309
4290 21310
4291 21313
4292 21314
4293 21315
4294 21316
4295 21317
4296 21321
4297 21322
4298 21324
4299 21333
4300 21339
4301 21340
4302 21341
4303 21344
4304 21379
4305 21386
4306 21389
4307 21390
4308 21391
4309 21401
4310 21404
4311 21407
4312 21409
4313 21432
4314 21433
4315 21436
4316 21438
4317 21450
4318 21466
4319 21468
4320 21469
4321 21491
4322 21495
4323 21497
4324 21508
4325 21515
4326 21523
4327 21530
4328 21531
4329 21543
4330 21544
4331 21546
4332 21547
4333 21548
4334 21549
4335 21550
4336 21554
4337 21558
4338 21560
4339 21562
4340 21563
4341 21579
4342 21583
4343 21584
4344 21587
4345 21588
4346 21592
4347 21593
4348 21594
4349 21596
4350 21608
4351 21613
4352 21614
4353 21615
4354 21621
4355 21623
4356 21629
4357 21630
4358 21634
4359 21635
4360 21638
4361 21646
4362 21650
4363 21653
4364 21657
4365 21658
4366 21660
4367 21663
4368 21665
4369 21684
4370 21695
4371 21696
4372 21697
4373 21699
4374 21705
4375 21707
4376 21708
4377 21710
4378 21712
4379 21713
4380 21718
4381 21723
4382 21727
4383 21754
4384 21755
4385 21771
4386 21772
4387 21776
4388 21777
4389 21778
4390 21779
4391 21798
4392 21799
4393 21800
4394 21806
4395 21808
4396 21809
4397 21811
4398 21814
4399 21815
4400 21816
4401 21821
4402 21823
4403 21824
4404 21825
4405 21830
4406 21831
4407 21832
4408 21847
4409 21848
4410 21853
4411 21858
4412 21860
4413 21861
4414 21864
4415 21866
4416 21910
4417 21927
4418 21928
4419 21929
4420 21930
4421 21931
4422 21943
4423 21944
4424 21949
4425 21968
4426 21994
4427 21995
4428 21998
4429 22000
4430 22018
4431 22021
4432 22023
4433 22028
4434 22031
4435 22032
4436 22046
4437 22048
4438 22051
4439 22074
4440 22075
4441 22082
4442 22083
4443 22087
4444 22088
4445 22100
4446 22105
4447 22108
4448 22109
4449 22110
4450 22119
4451 22129
4452 22144
4453 22147
4454 22149
4455 22177
4456 22184
4457 22188
4458 22189
4459 22190
4460 22197
4461 22199
4462 22203
4463 22224
4464 22225
4465 22233
4466 22235
4467 22239
4468 22242
4469 22244
4470 22245
4471 22246
4472 22253
4473 22254
4474 22265
4475 22269
4476 22275
4477 22278
4478 22283
4479 22284
4480 22285
4481 22290
4482 22299
4483 22309
4484 22311
4485 22312
4486 22318
4487 22319
4488 22320
4489 22321
4490 22324
4491 22325
4492 22336
4493 22366
4494 22369
4495 22371
4496 22372
4497 22375
4498 22376
4499 22377
4500 22378
4501 22379
4502 22381
4503 22382
4504 22393
4505 22394
4506 22395
4507 22404
4508 22415
4509 22421
4510 22423
4511 22426
4512 22428
4513 22433
4514 22435
4515 22436
4516 22439
4517 22457
4518 22462
4519 22463
4520 22464
4521 22466
4522 22476
4523 22483
4524 22487
4525 22489
4526 22493
4527 22497
4528 22502
4529 22503
4530 22504
4531 22507
4532 22523
4533 22527
4534 22528
4535 22530
4536 22555
4537 22556
4538 22574
4539 22577
4540 22598
4541 22599
4542 22601
4543 22603
4544 22605
4545 22609
4546 22610
4547 22611
4548 22618
4549 22620
4550 22621
4551 22644
4552 22645
4553 22691
4554 22692
4555 22693
4556 22696
4557 22699
4558 22719
4559 22720
4560 22721
4561 22722
4562 22725
4563 22726
4564 22727
4565 22728
4566 22729
4567 22730
4568 22734
4569 22738
4570 22741
4571 22744
4572 22746
4573 22748
4574 22758
4575 22765
4576 22766
4577 22770
4578 22771
4579 22778
4580 22779
4581 22790
4582 22791
4583 22793
4584 22798
4585 22806
4586 22811
4587 22815
4588 22816
4589 22826
4590 22827
4591 22830
4592 22831
4593 22832
4594 22834
4595 22836
4596 22837
4597 22839
4598 22848
4599 22876
4600 22879
4601 22887
4602 22888
4603 22890
4604 22891
4605 22894
4606 22899
4607 22900
4608 22901
4609 22903
4610 22917
4611 22920
4612 22927
4613 22929
4614 22937
4615 22938
4616 22951
4617 22953
4618 22954
4619 22961
4620 22964
4621 22966
4622 22975
4623 22976
4624 22979
4625 22980
4626 22989
4627 22990
4628 22993
4629 23038
4630 23051
4631 23063
4632 23064
4633 23066
4634 23068
4635 23084
4636 23092
4637 23093
4638 23094
4639 23095
4640 23096
4641 23099
4642 23107
4643 23110
4644 23114
4645 23134
4646 23135
4647 23137
4648 23138
4649 23145
4650 23146
4651 23149
4652 23151
4653 23153
4654 23154
4655 23156
4656 23161
4657 23163
4658 23167
4659 23168
4660 23175
4661 23186
4662 23204
4663 23206
4664 23214
4665 23215
4666 23216
4667 23219
4668 23224
4669 23225
4670 23226
4671 23227
4672 23233
4673 23240
4674 23241
4675 23246
4676 23248
4677 23256
4678 23264
4679 23266
4680 23267
4681 23293
4682 23297
4683 23298
4684 23299
4685 23300
4686 23302
4687 23303
4688 23304
4689 23306
4690 23344
4691 23346
4692 23351
4693 23355
4694 23363
4695 23382
4696 23383
4697 23385
4698 23387
4699 23394
4700 23403
4701 23409
4702 23412
4703 23416
4704 23417
4705 23418
4706 23419
4707 23420
4708 23423
4709 23424
4710 23429
4711 23441
4712 23452
4713 23454
4714 23458
4715 23461
4716 23462
4717 23464
4718 23465
4719 23470
4720 23471
4721 23474
4722 23476
4723 23477
4724 23480
4725 23481
4726 23485
4727 23488
4728 23490
4729 23492
4730 23503
4731 23506
4732 23509
4733 23511
4734 23513
4735 23514
4736 23529
4737 23530
4738 23552
4739 23553
4740 23554
4741 23555
4742 23558
4743 23559
4744 23576
4745 23577
4746 23614
4747 23616
4748 23620
4749 23621
4750 23622
4751 23623
4752 23628
4753 23637
4754 23647
4755 23648
4756 23649
4757 23652
4758 23653
4759 23665
4760 23672
4761 23673
4762 23674
4763 23681
4764 23683
4765 23686
4766 23687
4767 23689
4768 23693
4769 23708
4770 23710
4771 23712
4772 23713
4773 23714
4774 23720
4775 23721
4776 23723
4777 23727
4778 23730
4779 23741
4780 23751
4781 23757
4782 23758
4783 23759
4784 23760
4785 23770
4786 23771
4787 23772
4788 23775
4789 23776
4790 23786
4791 23805
4792 23806
4793 23809
4794 23810
4795 23811
4796 23812
4797 23836
4798 23841
4799 23855
4800 23856
4801 23858
4802 23859
4803 23863
4804 23864
4805 23866
4806 23870
4807 23880
4808 23881
4809 23883
4810 23896
4811 23901
4812 23907
4813 23909
4814 23910
4815 23912
4816 23915
4817 23916
4818 23918
4819 23920
4820 23939
4821 23943
4822 23944
4823 23945
4824 23946
4825 23950
4826 23967
4827 23968
4828 23970
4829 23986
4830 23989
4831 23991
4832 24001
4833 24002
4834 24009
4835 24023
4836 24029
4837 24032
4838 24034
4839 24057
4840 24060
4841 24097
4842 24101
4843 24110
4844 24113
4845 24114
4846 24121
4847 24122
4848 24126
4849 24127
4850 24128
4851 24129
4852 24133
4853 24140
4854 24141
4855 24148
4856 24149
4857 24152
4858 24159
4859 24160
4860 24161
4861 24163
4862 24169
4863 24174
4864 24183
4865 24199
4866 24202
4867 24203
4868 24204
4869 24207
4870 24210
4871 24214
4872 24219
4873 24220
4874 24240
4875 24242
4876 24248
4877 24250
4878 24251
4879 24252
4880 24270
4881 24271
4882 24272
4883 24280
4884 24293
4885 24294
4886 24295
4887 24330
4888 24332
4889 24334
4890 24340
4891 24341
4892 24371
4893 24372
4894 24385
4895 24398
4896 24402
4897 24412
4898 24431
4899 24439
4900 24444
4901 24451
4902 24453
4903 24454
4904 24456
4905 24462
4906 24463
4907 24464
4908 24470
4909 24471
4910 24474
4911 24475
4912 24477
4913 24479
4914 24489
4915 24490
4916 24499
4917 24503
4918 24504
4919 24506
4920 24559
4921 24568
4922 24575
4923 24578
4924 24582
4925 24583
4926 24587
4927 24589
4928 24592
4929 24593
4930 24594
4931 24595
4932 24597
4933 24601
4934 24614
4935 24615
4936 24616
4937 24617
4938 24620
4939 24640
4940 24696
4941 24699
4942 24705
4943 24706
4944 24708
4945 24713
4946 24718
4947 24722
4948 24726
4949 24728
4950 24731
4951 24732
4952 24733
4953 24734
4954 24753
4955 24762
4956 24765
4957 24781
4958 24814
4959 24816
4960 24819
4961 24820
4962 24833
4963 24835
4964 24841
4965 24845
4966 24846
4967 24852
4968 24860
4969 24861
4970 24870
4971 24877
4972 24878
4973 24885
4974 24888
4975 24924
4976 24932
4977 24939
4978 24942
4979 24943
4980 24944
4981 24955
4982 24957
4983 24959
4984 24960
4985 24961
4986 24970
4987 25006
4988 25034
4989 25043
4990 25050
4991 25053
4992 25056
4993 25057
4994 25059
4995 25060
4996 25062
4997 25069
4998 25080
4999 25086
5000 25089
5001 25091
5002 25094
5003 25095
5004 25102
5005 25107
5006 25108
5007 25111
5008 25112
5009 25114
5010 25115
5011 25116
5012 25125
5013 25130
5014 25136
5015 25138
5016 25139
5017 25143
5018 25152
5019 25158
5020 25159
5021 25172
5022 25176
5023 25179
5024 25180
5025 25181
5026 25189
5027 25201
5028 25204
5029 25205
5030 25209
5031 25211
5032 25215
5033 25217
5034 25219
5035 25220
5036 25225
5037 25226
5038 25228
5039 25229
5040 25230
5041 25231
5042 25234
5043 25235
5044 25236
5045 25250
5046 25251
5047 25271
5048 25272
5049 25286
5050 25287
5051 25289
5052 25304
5053 25316
5054 25319
5055 25321
5056 25346
5057 25354
5058 25358
5059 25359
5060 25378
5061 25379
5062 25382
5063 25383
5064 25387
5065 25388
5066 25396
5067 25402
5068 25405
5069 25408
5070 25419
5071 25435
5072 25436
5073 25437
5074 25439
5075 25440
5076 25442
5077 25443
5078 25444
5079 25447
5080 25449
5081 25469
5082 25470
5083 25480
5084 25482
5085 25486
5086 25487
5087 25491
5088 25492
5089 25496
5090 25510
5091 25511
5092 25516
5093 25526
5094 25528
5095 25531
5096 25534
5097 25537
5098 25540
5099 25541
5100 25543
5101 25545
5102 25553
5103 25554
5104 25557
5105 25562
5106 25565
5107 25569
5108 25571
5109 25572
5110 25575
5111 25582
5112 25585
5113 25589
5114 25595
5115 25596
5116 25597
5117 25598
5118 25599
5119 25601
5120 25607
5121 25609
5122 25610
5123 25611
5124 25614
5125 25615
5126 25628
5127 25631
5128 25644
5129 25648
5130 25649
5131 25660
5132 25661
5133 25662
5134 25663
5135 25664
5136 25667
5137 25668
5138 25674
5139 25676
5140 25678
5141 25684
5142 25698
5143 25710
5144 25718
5145 25719
5146 25721
5147 25729
5148 25758
5149 25777
5150 25783
5151 25784
5152 25785
5153 25827
5154 25829
5155 25836
5156 25839
5157 25844
5158 25849
5159 25850
5160 25852
5161 25853
5162 25854
5163 25856
5164 25863
5165 25864
5166 25866
5167 25868
5168 25870
5169 25872
5170 25875
5171 25877
5172 25891
5173 25896
5174 25902
5175 25903
5176 25904
5177 25910
5178 25911
5179 25916
5180 25917
5181 25931
5182 25934
5183 25937
5184 25940
5185 25948
5186 25957
5187 25958
5188 25959
5189 25962
5190 25975
5191 25977
5192 25978
5193 25980
5194 25988
5195 25996
5196 25998
5197 26004
5198 26005
5199 26006
5200 26013
5201 26019
5202 26020
5203 26021
5204 26022
5205 26023
5206 26038
5207 26039
5208 26042
5209 26044
5210 26048
5211 26051
5212 26058
5213 26059
5214 26065
5215 26067
5216 26088
5217 26092
5218 26098
5219 26100
5220 26102
5221 26127
5222 26130
5223 26132
5224 26138
5225 26141
5226 26157
5227 26159
5228 26167
5229 26168
5230 26170
5231 26171
5232 26173
5233 26176
5234 26178
5235 26180
5236 26181
5237 26190
5238 26191
5239 26193
5240 26194
5241 26196
