1 7 0.000521570672826168
2 57 0.004247075478727368
3 159 0.011847105282765814
4 352 0.026227553833544446
5 676 0.05036882497578422
6 1035 0.07711794948215484
7 1425 0.10617688696818418
8 1719 0.12808285522688323
9 1715 0.12778481484241114
10 1665 0.12405931003650995
11 1410 0.10505923552641383
12 1091 0.08129051486476417
13 872 0.06497280381491692
14 513 0.03822367930854631
15 320 0.02384323075776768
16 199 0.014827509127486774
17 97 0.007227479323448327
18 51 0.0038000149020192236
19 33 0.002458833171894792
20 14 0.001043141345652336
21 6 0.00044706057670814396
22 3 0.00022353028835407198
23 1 7.4510096118024e-05
25 1 7.4510096118024e-05
