1 28639 0.4577772094435831
2 9306 0.14875081920046035
3 3949 0.0631223925448762
4 2105 0.03364716037147744
5 1334 0.021323188567957674
6 886 0.014162177714550599
7 672 0.010741516280110611
8 428 0.0068413228688799736
9 397 0.0063458064928629656
10 1106 0.017678745544348715
11 4188 0.06694266395997507
12 2830 0.04523584981058487
13 1719 0.02747718227010438
14 1251 0.0199964834321702
15 839 0.01341091095091191
16 594 0.009494733140454917
17 443 0.0070810888572752995
18 335 0.005354773740828951
19 264 0.004219881395757741
20 199 0.0031808954460446604
21 177 0.0028292386630648487
22 114 0.0018222215118044787
23 99 0.0015824555234091526
24 95 0.0015185179265037323
25 96 0.0015345023257300875
26 70 0.0011189079458448555
27 82 0.0013107207365611164
28 51 0.0008152043605441089
29 43 0.0006873291667332683
30 29 0.00046354757756429725
31 28 0.0004475631783379422
32 34 0.0005434695736960726
33 17 0.0002717347868480363
34 23 0.0003676411822061668
35 17 0.0002717347868480363
36 16 0.00025575038762168124
37 11 0.00017582839148990584
38 13 0.00020779718994261601
39 14 0.0002237815891689711
40 4 6.393759690542031e-05
41 4 6.393759690542031e-05
42 8 0.00012787519381084062
43 1 1.5984399226355077e-05
44 7 0.00011189079458448554
45 7 0.00011189079458448554
46 3 4.7953197679065235e-05
47 2 3.1968798452710154e-05
48 2 3.1968798452710154e-05
49 3 4.7953197679065235e-05
51 1 1.5984399226355077e-05
55 1 1.5984399226355077e-05
62 1 1.5984399226355077e-05
66 1 1.5984399226355077e-05
70 1 1.5984399226355077e-05
78 1 1.5984399226355077e-05
95 1 1.5984399226355077e-05
